0.015625 0.0 1.0
0.0160156 0.0 1.0249984
0.0164063 0.0 1.0500032
0.0167969 0.0 1.0750016
0.0171875 0.0 1.1
0.0175781 0.0 1.1249984
0.0179688 0.0 1.1500032
0.0183594 0.0 1.1750016
0.01875 0.0 1.2
0.0191406 0.0 1.2249984
0.0195313 0.0 1.2500032
0.0199219 0.0 1.2750016
0.0203125 0.0 1.3
0.0207031 0.0 1.3249984
0.0210938 0.0 1.3500032
0.0214844 0.0 1.3750016
0.021875 0.0 1.4
0.0222656 1.0 1.4249984
0.0226563 1.0 1.4500032
0.0230469 1.0 1.4750016
0.0234375 1.0 1.5
0.0238281 1.0 1.5249984
0.0242188 1.0 1.5500032
0.0246094 1.0 1.5750016
0.025 1.0 1.6
0.0253906 1.0 1.6249984
0.0257813 1.0 1.6500032
0.0261719 1.0 1.6750016
0.0265625 1.0 1.7
0.0269531 1.0 1.7249984
0.0273438 1.0 1.7500032
0.0277344 1.0 1.7750016
0.028125 1.0 1.8
0.0285156 1.0 1.8249984
0.0289063 1.0 1.8500032
0.0292969 1.0 1.8750016
0.0296875 1.0 1.9
0.0300781 1.0 1.9249984
0.0304688 1.0 1.9500032
0.0308594 1.0 1.9750016
0.03125 1.0 2.0
0.0316406 1.0 2.0249984
0.0320313 1.0 2.0500032
0.0324219 1.0 2.0750016
0.0328125 1.0 2.1
0.0332031 1.0 2.1249984
0.0335938 1.0 2.1500032
0.0339844 1.0 2.1750016
0.034375 1.0 2.2
0.0347656 1.0 2.2249984
0.0351563 1.0 2.2500032
0.0355469 1.0 2.2750016
0.0359375 1.0 2.3
0.0363281 1.0 2.3249984
0.0367188 1.0 2.3500032
0.0371094 1.0 2.3750016
0.0375 1.0 2.4
0.0378906 2.0 2.4249984
0.0382813 2.0 2.4500032
0.0386719 2.0 2.4750016
0.0390625 2.0 2.5
0.0394531 2.0 2.5249984
0.0398438 2.0 2.5500032
0.0402344 2.0 2.5750016
0.040625 2.0 2.6
0.0410156 2.0 2.6249984
0.0414063 2.0 2.6500032
0.0417969 2.0 2.6750016
0.0421875 2.0 2.7
0.0425781 2.0 2.7249984
0.0429688 2.0 2.7500032
0.0433594 2.0 2.7750016
0.04375 2.0 2.8
0.0441406 2.0 2.8249984
0.0445313 2.0 2.8500032
0.0449219 2.0 2.8750016
0.0453125 2.0 2.9
0.0457031 2.0 2.9249984
0.0460938 2.0 2.9500032
0.0464844 2.0 2.9750016
0.046875 2.0 3.0
0.0472656 2.0 3.0249984
0.0476563 2.0 3.0500032
0.0480469 2.0 3.0750016
0.0484375 2.0 3.1
0.0488281 2.0 3.1249984
0.0492187 2.0 3.1499968
0.0496094 2.0 3.1750016
0.05 2.0 3.2
0.0503906 2.0 3.2249984
0.0507813 2.0 3.2500032
0.0511719 2.0 3.2750016
0.0515625 2.0 3.3
0.0519531 2.0 3.3249984
0.0523438 2.0 3.3500032
0.0527344 2.0 3.3750016
0.053125 2.0 3.4
0.0535156 3.0 3.4249984
0.0539063 3.0 3.4500032
0.0542969 3.0 3.4750016
0.0546875 3.0 3.5
0.0550781 3.0 3.5249984
0.0554688 3.0 3.5500032
0.0558594 3.0 3.5750016
0.05625 3.0 3.6
0.0566406 3.0 3.6249984
0.0570313 3.0 3.6500032
0.0574219 3.0 3.6750016
0.0578125 3.0 3.7
0.0582031 3.0 3.7249984
0.0585938 3.0 3.7500032
0.0589844 3.0 3.7750016
0.059375 3.0 3.8
0.0597656 3.0 3.8249984
0.0601563 3.0 3.8500032
0.0605469 3.0 3.8750016
0.0609375 3.0 3.9
0.0613281 3.0 3.9249984
0.0617188 3.0 3.9500032
0.0621094 3.0 3.9750016
0.0625 3.0 4.0
0.0628906 3.0 4.0249984
0.0632813 3.0 4.0500032
0.0636719 3.0 4.0750016
0.0640625 3.0 4.1
0.0644531 3.0 4.1249984
0.0648438 3.0 4.1500032
0.0652344 3.0 4.1750016
0.065625 3.0 4.2
0.0660156 3.0 4.2249984
0.0664063 3.0 4.2500032
0.0667969 3.0 4.2750016
0.0671875 3.0 4.3
0.0675781 3.0 4.3249984
0.0679688 3.0 4.3500032
0.0683594 3.0 4.3750016
0.06875 3.0 4.4
0.0691406 4.0 4.4249984
0.0695313 4.0 4.4500032
0.0699219 4.0 4.4750016
0.0703125 4.0 4.5
0.0707031 4.0 4.5249984
0.0710938 4.0 4.5500032
0.0714844 4.0 4.5750016
0.071875 4.0 4.6
0.0722656 4.0 4.6249984
0.0726563 4.0 4.6500032
0.0730469 4.0 4.6750016
0.0734375 4.0 4.7
0.0738281 4.0 4.7249984
0.0742188 4.0 4.7500032
0.0746094 4.0 4.7750016
0.075 4.0 4.8
0.0753906 4.0 4.8249984
0.0757813 4.0 4.8500032
0.0761719 4.0 4.8750016
0.0765625 4.0 4.9
0.0769531 4.0 4.9249984
0.0773438 4.0 4.9500032
0.0777344 4.0 4.9750016
0.078125 4.0 5.0
0.0785156 4.0 5.0249984
0.0789063 4.0 5.0500032
0.0792969 4.0 5.0750016
0.0796875 4.0 5.1
0.0800781 4.0 5.1249984
0.0804688 4.0 5.1500032
0.0808594 4.0 5.1750016
0.08125 4.0 5.2
0.0816406 4.0 5.2249984
0.0820313 4.0 5.2500032
0.0824219 4.0 5.2750016
0.0828125 4.0 5.3
0.0832031 4.0 5.3249984
0.0835938 4.0 5.3500032
0.0839844 4.0 5.3750016
0.084375 4.0 5.4
0.0847656 5.0 5.4249984
0.0851563 5.0 5.4500032
0.0855469 5.0 5.4750016
0.0859375 5.0 5.5
0.0863281 5.0 5.5249984
0.0867188 5.0 5.5500032
0.0871094 5.0 5.5750016
0.0875 5.0 5.6
0.0878906 5.0 5.6249984
0.0882813 5.0 5.6500032
0.0886719 5.0 5.6750016
0.0890625 5.0 5.7
0.0894531 5.0 5.7249984
0.0898438 5.0 5.7500032
0.0902344 5.0 5.7750016
0.090625 5.0 5.8
0.0910156 5.0 5.8249984
0.0914063 5.0 5.8500032
0.0917969 5.0 5.8750016
0.0921875 5.0 5.9
0.0925781 5.0 5.9249984
0.0929688 5.0 5.9500032
0.0933594 5.0 5.9750016
0.09375 5.0 6.0
0.0941406 5.0 6.0249984
0.0945312 5.0 6.0499968
0.0949219 5.0 6.0750016
0.0953125 5.0 6.1
0.0957031 5.0 6.1249984
0.0960938 5.0 6.1500032
0.0964844 5.0 6.1750016
0.096875 5.0 6.2
0.0972656 5.0 6.2249984
0.0976563 5.0 6.2500032
0.0980469 5.0 6.2750016
0.0984375 5.0 6.3
0.0988281 5.0 6.3249984
0.0992188 5.0 6.3500032
0.0996094 5.0 6.3750016
0.1 5.0 6.4
0.100391 6.0 6.425024
0.100781 6.0 6.449984
0.101172 6.0 6.475008
0.101563 6.0 6.500032
0.101953 6.0 6.524992
0.102344 6.0 6.550016
0.102734 6.0 6.574976
0.103125 6.0 6.6
0.103516 6.0 6.625024
0.103906 6.0 6.649984
0.104297 6.0 6.675008
0.104688 6.0 6.700032
0.105078 6.0 6.724992
0.105469 6.0 6.750016
0.105859 6.0 6.774976
0.10625 6.0 6.8
0.106641 6.0 6.825024
0.107031 6.0 6.849984
0.107422 6.0 6.875008
0.107813 6.0 6.900032
0.108203 6.0 6.924992
0.108594 6.0 6.950016
0.108984 6.0 6.974976
0.109375 6.0 7.0
0.109766 6.0 7.025024
0.110156 6.0 7.049984
0.110547 6.0 7.075008
0.110938 6.0 7.100032
0.111328 6.0 7.124992
0.111719 6.0 7.150016
0.112109 6.0 7.174976
0.1125 6.0 7.2
0.112891 6.0 7.225024
0.113281 6.0 7.249984
0.113672 6.0 7.275008
0.114063 6.0 7.300032
0.114453 6.0 7.324992
0.114844 6.0 7.350016
0.115234 6.0 7.374976
0.115625 6.0 7.4
0.116016 7.0 7.425024
0.116406 7.0 7.449984
0.116797 7.0 7.475008
0.117188 7.0 7.500032
0.117578 7.0 7.524992
0.117969 7.0 7.550016
0.118359 7.0 7.574976
0.11875 7.0 7.6
0.119141 7.0 7.625024
0.119531 7.0 7.649984
0.119922 7.0 7.675008
0.120313 7.0 7.700032
0.120703 7.0 7.724992
0.121094 7.0 7.750016
0.121484 7.0 7.774976
0.121875 7.0 7.8
0.122266 7.0 7.825024
0.122656 7.0 7.849984
0.123047 7.0 7.875008
0.123438 7.0 7.900032
0.123828 7.0 7.924992
0.124219 7.0 7.950016
0.124609 7.0 7.974976
0.125 7.0 8.0
0.125391 7.0 8.025024
0.125781 7.0 8.049984
0.126172 7.0 8.075008
0.126563 7.0 8.100032
0.126953 7.0 8.124992
0.127344 7.0 8.150016
0.127734 7.0 8.174976
0.128125 7.0 8.2
0.128516 7.0 8.225024
0.128906 7.0 8.249984
0.129297 7.0 8.275008
0.129688 7.0 8.300032
0.130078 7.0 8.324992
0.130469 7.0 8.350016
0.130859 7.0 8.374976
0.13125 7.0 8.4
0.131641 8.0 8.425024
0.132031 8.0 8.449984
0.132422 8.0 8.475008
0.132813 8.0 8.500032
0.133203 8.0 8.524992
0.133594 8.0 8.550016
0.133984 8.0 8.574976
0.134375 8.0 8.6
0.134766 8.0 8.625024
0.135156 8.0 8.649984
0.135547 8.0 8.675008
0.135938 8.0 8.700032
0.136328 8.0 8.724992
0.136719 8.0 8.750016
0.137109 8.0 8.774976
0.1375 8.0 8.8
0.137891 8.0 8.825024
0.138281 8.0 8.849984
0.138672 8.0 8.875008
0.139063 8.0 8.900032
0.139453 8.0 8.924992
0.139844 8.0 8.950016
0.140234 8.0 8.974976
0.140625 8.0 9.0
0.141016 8.0 9.025024
0.141406 8.0 9.049984
0.141797 8.0 9.075008
0.142188 8.0 9.100032
0.142578 8.0 9.124992
0.142969 8.0 9.150016
0.143359 8.0 9.174976
0.14375 8.0 9.2
0.144141 8.0 9.225024
0.144531 8.0 9.249984
0.144922 8.0 9.275008
0.145313 8.0 9.300032
0.145703 8.0 9.324992
0.146094 8.0 9.350016
0.146484 8.0 9.374976
0.146875 8.0 9.4
0.147266 9.0 9.425024
0.147656 9.0 9.449984
0.148047 9.0 9.475008
0.148438 9.0 9.500032
0.148828 9.0 9.524992
0.149219 9.0 9.550016
0.149609 9.0 9.574976
0.15 9.0 9.6
0.150391 9.0 9.625024
0.150781 9.0 9.649984
0.151172 9.0 9.675008
0.151563 9.0 9.700032
0.151953 9.0 9.724992
0.152344 9.0 9.750016
0.152734 9.0 9.774976
0.153125 9.0 9.8
0.153516 9.0 9.825024
0.153906 9.0 9.849984
0.154297 9.0 9.875008
0.154688 9.0 9.900032
0.155078 9.0 9.924992
0.155469 9.0 9.950016
0.155859 9.0 9.974976
0.15625 9.0 10.0
0.156641 9.0 10.025024
0.157031 9.0 10.049984
0.157422 9.0 10.075008
0.157813 9.0 10.100032
0.158203 9.0 10.124992
0.158594 9.0 10.150016
0.158984 9.0 10.174976
0.159375 9.0 10.2
0.159766 9.0 10.225024
0.160156 9.0 10.249984
0.160547 9.0 10.275008
0.160938 9.0 10.300032
0.161328 9.0 10.324992
0.161719 9.0 10.350016
0.162109 9.0 10.374976
0.1625 9.0 10.4
0.162891 10.0 10.425024
0.163281 10.0 10.449984
0.163672 10.0 10.475008
0.164063 10.0 10.500032
0.164453 10.0 10.524992
0.164844 10.0 10.550016
0.165234 10.0 10.574976
0.165625 10.0 10.6
0.166016 10.0 10.625024
0.166406 10.0 10.649984
0.166797 10.0 10.675008
0.167188 10.0 10.700032
0.167578 10.0 10.724992
0.167969 10.0 10.750016
0.168359 10.0 10.774976
0.16875 10.0 10.8
0.169141 10.0 10.825024
0.169531 10.0 10.849984
0.169922 10.0 10.875008
0.170313 10.0 10.900032
0.170703 10.0 10.924992
0.171094 10.0 10.950016
0.171484 10.0 10.974976
0.171875 10.0 11.0
0.172266 10.0 11.025024
0.172656 10.0 11.049984
0.173047 10.0 11.075008
0.173438 10.0 11.100032
0.173828 10.0 11.124992
0.174219 10.0 11.150016
0.174609 10.0 11.174976
0.175 10.0 11.2
0.175391 10.0 11.225024
0.175781 10.0 11.249984
0.176172 10.0 11.275008
0.176563 10.0 11.300032
0.176953 10.0 11.324992
0.177344 10.0 11.350016
0.177734 10.0 11.374976
0.178125 10.0 11.4
0.178516 11.0 11.425024
0.178906 11.0 11.449984
0.179297 11.0 11.475008
0.179688 11.0 11.500032
0.180078 11.0 11.524992
0.180469 11.0 11.550016
0.180859 11.0 11.574976
0.18125 11.0 11.6
0.181641 11.0 11.625024
0.182031 11.0 11.649984
0.182422 11.0 11.675008
0.182812 11.0 11.699968
0.183203 11.0 11.724992
0.183594 11.0 11.750016
0.183984 11.0 11.774976
0.184375 11.0 11.8
0.184766 11.0 11.825024
0.185156 11.0 11.849984
0.185547 11.0 11.875008
0.185938 11.0 11.900032
0.186328 11.0 11.924992
0.186719 11.0 11.950016
0.187109 11.0 11.974976
0.1875 11.0 12.0
0.187891 11.0 12.025024
0.188281 11.0 12.049984
0.188672 11.0 12.075008
0.189063 11.0 12.100032
0.189453 11.0 12.124992
0.189844 11.0 12.150016
0.190234 11.0 12.174976
0.190625 11.0 12.2
0.191016 11.0 12.225024
0.191406 11.0 12.249984
0.191797 11.0 12.275008
0.192188 11.0 12.300032
0.192578 11.0 12.324992
0.192969 11.0 12.350016
0.193359 11.0 12.374976
0.19375 11.0 12.4
0.194141 12.0 12.425024
0.194531 12.0 12.449984
0.194922 12.0 12.475008
0.195313 12.0 12.500032
0.195703 12.0 12.524992
0.196094 12.0 12.550016
0.196484 12.0 12.574976
0.196875 12.0 12.6
0.197266 12.0 12.625024
0.197656 12.0 12.649984
0.198047 12.0 12.675008
0.198438 12.0 12.700032
0.198828 12.0 12.724992
0.199219 12.0 12.750016
0.199609 12.0 12.774976
0.2 12.0 12.8
0.200391 12.0 12.825024
0.200781 12.0 12.849984
0.201172 12.0 12.875008
0.201563 12.0 12.900032
0.201953 12.0 12.924992
0.202344 12.0 12.950016
0.202734 12.0 12.974976
0.203125 12.0 13.0
0.203516 12.0 13.025024
0.203906 12.0 13.049984
0.204297 12.0 13.075008
0.204688 12.0 13.100032
0.205078 12.0 13.124992
0.205469 12.0 13.150016
0.205859 12.0 13.174976
0.20625 12.0 13.2
0.206641 12.0 13.225024
0.207031 12.0 13.249984
0.207422 12.0 13.275008
0.207813 12.0 13.300032
0.208203 12.0 13.324992
0.208594 12.0 13.350016
0.208984 12.0 13.374976
0.209375 12.0 13.4
0.209766 13.0 13.425024
0.210156 13.0 13.449984
0.210547 13.0 13.475008
0.210938 13.0 13.500032
0.211328 13.0 13.524992
0.211719 13.0 13.550016
0.212109 13.0 13.574976
0.2125 13.0 13.6
0.212891 13.0 13.625024
0.213281 13.0 13.649984
0.213672 13.0 13.675008
0.214063 13.0 13.700032
0.214453 13.0 13.724992
0.214844 13.0 13.750016
0.215234 13.0 13.774976
0.215625 13.0 13.8
0.216016 13.0 13.825024
0.216406 13.0 13.849984
0.216797 13.0 13.875008
0.217188 13.0 13.900032
0.217578 13.0 13.924992
0.217969 13.0 13.950016
0.218359 13.0 13.974976
0.21875 13.0 14.0
0.219141 13.0 14.025024
0.219531 13.0 14.049984
0.219922 13.0 14.075008
0.220313 13.0 14.100032
0.220703 13.0 14.124992
0.221094 13.0 14.150016
0.221484 13.0 14.174976
0.221875 13.0 14.2
0.222266 13.0 14.225024
0.222656 13.0 14.249984
0.223047 13.0 14.275008
0.223438 13.0 14.300032
0.223828 13.0 14.324992
0.224219 13.0 14.350016
0.224609 13.0 14.374976
0.225 13.0 14.4
0.225391 14.0 14.425024
0.225781 14.0 14.449984
0.226172 14.0 14.475008
0.226563 14.0 14.500032
0.226953 14.0 14.524992
0.227344 14.0 14.550016
0.227734 14.0 14.574976
0.228125 14.0 14.6
0.228516 14.0 14.625024
0.228906 14.0 14.649984
0.229297 14.0 14.675008
0.229688 14.0 14.700032
0.230078 14.0 14.724992
0.230469 14.0 14.750016
0.230859 14.0 14.774976
0.23125 14.0 14.8
0.231641 14.0 14.825024
0.232031 14.0 14.849984
0.232422 14.0 14.875008
0.232813 14.0 14.900032
0.233203 14.0 14.924992
0.233594 14.0 14.950016
0.233984 14.0 14.974976
0.234375 14.0 15.0
0.234766 14.0 15.025024
0.235156 14.0 15.049984
0.235547 14.0 15.075008
0.235938 14.0 15.100032
0.236328 14.0 15.124992
0.236719 14.0 15.150016
0.237109 14.0 15.174976
0.2375 14.0 15.2
0.237891 14.0 15.225024
0.238281 14.0 15.249984
0.238672 14.0 15.275008
0.239063 14.0 15.300032
0.239453 14.0 15.324992
0.239844 14.0 15.350016
0.240234 14.0 15.374976
0.240625 14.0 15.4
0.241016 15.0 15.425024
0.241406 15.0 15.449984
0.241797 15.0 15.475008
0.242188 15.0 15.500032
0.242578 15.0 15.524992
0.242969 15.0 15.550016
0.243359 15.0 15.574976
0.24375 15.0 15.6
0.244141 15.0 15.625024
0.244531 15.0 15.649984
0.244922 15.0 15.675008
0.245313 15.0 15.700032
0.245703 15.0 15.724992
0.246094 15.0 15.750016
0.246484 15.0 15.774976
0.246875 15.0 15.8
0.247266 15.0 15.825024
0.247656 15.0 15.849984
0.248047 15.0 15.875008
0.248438 15.0 15.900032
0.248828 15.0 15.924992
0.249219 15.0 15.950016
0.249609 15.0 15.974976
0.25 15.0 16.0
0.250391 15.0 16.025024
0.250781 15.0 16.049984
0.251172 15.0 16.075008
0.251563 15.0 16.100032
0.251953 15.0 16.124992
0.252344 15.0 16.150016
0.252734 15.0 16.174976
0.253125 15.0 16.2
0.253516 15.0 16.225024
0.253906 15.0 16.249984
0.254297 15.0 16.275008
0.254688 15.0 16.300032
0.255078 15.0 16.324992
0.255469 15.0 16.350016
0.255859 15.0 16.374976
0.25625 15.0 16.4
0.256641 16.0 16.425024
0.257031 16.0 16.449984
0.257422 16.0 16.475008
0.257813 16.0 16.500032
0.258203 16.0 16.524992
0.258594 16.0 16.550016
0.258984 16.0 16.574976
0.259375 16.0 16.6
0.259766 16.0 16.625024
0.260156 16.0 16.649984
0.260547 16.0 16.675008
0.260938 16.0 16.700032
0.261328 16.0 16.724992
0.261719 16.0 16.750016
0.262109 16.0 16.774976
0.2625 16.0 16.8
0.262891 16.0 16.825024
0.263281 16.0 16.849984
0.263672 16.0 16.875008
0.264063 16.0 16.900032
0.264453 16.0 16.924992
0.264844 16.0 16.950016
0.265234 16.0 16.974976
0.265625 16.0 17.0
0.266016 16.0 17.025024
0.266406 16.0 17.049984
0.266797 16.0 17.075008
0.267188 16.0 17.100032
0.267578 16.0 17.124992
0.267969 16.0 17.150016
0.268359 16.0 17.174976
0.26875 16.0 17.2
0.269141 16.0 17.225024
0.269531 16.0 17.249984
0.269922 16.0 17.275008
0.270313 16.0 17.300032
0.270703 16.0 17.324992
0.271094 16.0 17.350016
0.271484 16.0 17.374976
0.271875 16.0 17.4
0.272266 17.0 17.425024
0.272656 17.0 17.449984
0.273047 17.0 17.475008
0.273438 17.0 17.500032
0.273828 17.0 17.524992
0.274219 17.0 17.550016
0.274609 17.0 17.574976
0.275 17.0 17.6
0.275391 17.0 17.625024
0.275781 17.0 17.649984
0.276172 17.0 17.675008
0.276563 17.0 17.700032
0.276953 17.0 17.724992
0.277344 17.0 17.750016
0.277734 17.0 17.774976
0.278125 17.0 17.8
0.278516 17.0 17.825024
0.278906 17.0 17.849984
0.279297 17.0 17.875008
0.279687 17.0 17.899968
0.280078 17.0 17.924992
0.280469 17.0 17.950016
0.280859 17.0 17.974976
0.28125 17.0 18.0
0.281641 17.0 18.025024
0.282031 17.0 18.049984
0.282422 17.0 18.075008
0.282813 17.0 18.100032
0.283203 17.0 18.124992
0.283594 17.0 18.150016
0.283984 17.0 18.174976
0.284375 17.0 18.2
0.284766 17.0 18.225024
0.285156 17.0 18.249984
0.285547 17.0 18.275008
0.285938 17.0 18.300032
0.286328 17.0 18.324992
0.286719 17.0 18.350016
0.287109 17.0 18.374976
0.2875 17.0 18.4
0.287891 18.0 18.425024
0.288281 18.0 18.449984
0.288672 18.0 18.475008
0.289063 18.0 18.500032
0.289453 18.0 18.524992
0.289844 18.0 18.550016
0.290234 18.0 18.574976
0.290625 18.0 18.6
0.291016 18.0 18.625024
0.291406 18.0 18.649984
0.291797 18.0 18.675008
0.292187 18.0 18.699968
0.292578 18.0 18.724992
0.292969 18.0 18.750016
0.293359 18.0 18.774976
0.29375 18.0 18.8
0.294141 18.0 18.825024
0.294531 18.0 18.849984
0.294922 18.0 18.875008
0.295313 18.0 18.900032
0.295703 18.0 18.924992
0.296094 18.0 18.950016
0.296484 18.0 18.974976
0.296875 18.0 19.0
0.297266 18.0 19.025024
0.297656 18.0 19.049984
0.298047 18.0 19.075008
0.298438 18.0 19.100032
0.298828 18.0 19.124992
0.299219 18.0 19.150016
0.299609 18.0 19.174976
0.3 18.0 19.2
0.300391 18.0 19.225024
0.300781 18.0 19.249984
0.301172 18.0 19.275008
0.301563 18.0 19.300032
0.301953 18.0 19.324992
0.302344 18.0 19.350016
0.302734 18.0 19.374976
0.303125 18.0 19.4
0.303516 19.0 19.425024
0.303906 19.0 19.449984
0.304297 19.0 19.475008
0.304688 19.0 19.500032
0.305078 19.0 19.524992
0.305469 19.0 19.550016
0.305859 19.0 19.574976
0.30625 19.0 19.6
0.306641 19.0 19.625024
0.307031 19.0 19.649984
0.307422 19.0 19.675008
0.307813 19.0 19.700032
0.308203 19.0 19.724992
0.308594 19.0 19.750016
0.308984 19.0 19.774976
0.309375 19.0 19.8
0.309766 19.0 19.825024
0.310156 19.0 19.849984
0.310547 19.0 19.875008
0.310937 19.0 19.899968
0.311328 19.0 19.924992
0.311719 19.0 19.950016
0.312109 19.0 19.974976
0.3125 19.0 20.0
0.312891 19.0 20.025024
0.313281 19.0 20.049984
0.313672 19.0 20.075008
0.314063 19.0 20.100032
0.314453 19.0 20.124992
0.314844 19.0 20.150016
0.315234 19.0 20.174976
0.315625 19.0 20.2
0.316016 19.0 20.225024
0.316406 19.0 20.249984
0.316797 19.0 20.275008
0.317188 19.0 20.300032
0.317578 19.0 20.324992
0.317969 19.0 20.350016
0.318359 19.0 20.374976
0.31875 19.0 20.4
0.319141 20.0 20.425024
0.319531 20.0 20.449984
0.319922 20.0 20.475008
0.320313 20.0 20.500032
0.320703 20.0 20.524992
0.321094 20.0 20.550016
0.321484 20.0 20.574976
0.321875 20.0 20.6
0.322266 20.0 20.625024
0.322656 20.0 20.649984
0.323047 20.0 20.675008
0.323437 20.0 20.699968
0.323828 20.0 20.724992
0.324219 20.0 20.750016
0.324609 20.0 20.774976
0.325 20.0 20.8
0.325391 20.0 20.825024
0.325781 20.0 20.849984
0.326172 20.0 20.875008
0.326563 20.0 20.900032
0.326953 20.0 20.924992
0.327344 20.0 20.950016
0.327734 20.0 20.974976
0.328125 20.0 21.0
0.328516 20.0 21.025024
0.328906 20.0 21.049984
0.329297 20.0 21.075008
0.329688 20.0 21.100032
0.330078 20.0 21.124992
0.330469 20.0 21.150016
0.330859 20.0 21.174976
0.33125 20.0 21.2
0.331641 20.0 21.225024
0.332031 20.0 21.249984
0.332422 20.0 21.275008
0.332813 20.0 21.300032
0.333203 20.0 21.324992
0.333594 20.0 21.350016
0.333984 20.0 21.374976
0.334375 20.0 21.4
0.334766 21.0 21.425024
0.335156 21.0 21.449984
0.335547 21.0 21.475008
0.335938 21.0 21.500032
0.336328 21.0 21.524992
0.336719 21.0 21.550016
0.337109 21.0 21.574976
0.3375 21.0 21.6
0.337891 21.0 21.625024
0.338281 21.0 21.649984
0.338672 21.0 21.675008
0.339062 21.0 21.699968
0.339453 21.0 21.724992
0.339844 21.0 21.750016
0.340234 21.0 21.774976
0.340625 21.0 21.8
0.341016 21.0 21.825024
0.341406 21.0 21.849984
0.341797 21.0 21.875008
0.342188 21.0 21.900032
0.342578 21.0 21.924992
0.342969 21.0 21.950016
0.343359 21.0 21.974976
0.34375 21.0 22.0
0.344141 21.0 22.025024
0.344531 21.0 22.049984
0.344922 21.0 22.075008
0.345313 21.0 22.100032
0.345703 21.0 22.124992
0.346094 21.0 22.150016
0.346484 21.0 22.174976
0.346875 21.0 22.2
0.347266 21.0 22.225024
0.347656 21.0 22.249984
0.348047 21.0 22.275008
0.348438 21.0 22.300032
0.348828 21.0 22.324992
0.349219 21.0 22.350016
0.349609 21.0 22.374976
0.35 21.0 22.4
0.350391 22.0 22.425024
0.350781 22.0 22.449984
0.351172 22.0 22.475008
0.351563 22.0 22.500032
0.351953 22.0 22.524992
0.352344 22.0 22.550016
0.352734 22.0 22.574976
0.353125 22.0 22.6
0.353516 22.0 22.625024
0.353906 22.0 22.649984
0.354297 22.0 22.675008
0.354688 22.0 22.700032
0.355078 22.0 22.724992
0.355469 22.0 22.750016
0.355859 22.0 22.774976
0.35625 22.0 22.8
0.356641 22.0 22.825024
0.357031 22.0 22.849984
0.357422 22.0 22.875008
0.357813 22.0 22.900032
0.358203 22.0 22.924992
0.358594 22.0 22.950016
0.358984 22.0 22.974976
0.359375 22.0 23.0
0.359766 22.0 23.025024
0.360156 22.0 23.049984
0.360547 22.0 23.075008
0.360938 22.0 23.100032
0.361328 22.0 23.124992
0.361719 22.0 23.150016
0.362109 22.0 23.174976
0.3625 22.0 23.2
0.362891 22.0 23.225024
0.363281 22.0 23.249984
0.363672 22.0 23.275008
0.364063 22.0 23.300032
0.364453 22.0 23.324992
0.364844 22.0 23.350016
0.365234 22.0 23.374976
0.365625 22.0 23.4
0.366016 23.0 23.425024
0.366406 23.0 23.449984
0.366797 23.0 23.475008
0.367188 23.0 23.500032
0.367578 23.0 23.524992
0.367969 23.0 23.550016
0.368359 23.0 23.574976
0.36875 23.0 23.6
0.369141 23.0 23.625024
0.369531 23.0 23.649984
0.369922 23.0 23.675008
0.370313 23.0 23.700032
0.370703 23.0 23.724992
0.371094 23.0 23.750016
0.371484 23.0 23.774976
0.371875 23.0 23.8
0.372266 23.0 23.825024
0.372656 23.0 23.849984
0.373047 23.0 23.875008
0.373438 23.0 23.900032
0.373828 23.0 23.924992
0.374219 23.0 23.950016
0.374609 23.0 23.974976
0.375 23.0 24.0
0.375391 23.0 24.025024
0.375781 23.0 24.049984
0.376172 23.0 24.075008
0.376563 23.0 24.100032
0.376953 23.0 24.124992
0.377344 23.0 24.150016
0.377734 23.0 24.174976
0.378125 23.0 24.2
0.378516 23.0 24.225024
0.378906 23.0 24.249984
0.379297 23.0 24.275008
0.379688 23.0 24.300032
0.380078 23.0 24.324992
0.380469 23.0 24.350016
0.380859 23.0 24.374976
0.38125 23.0 24.4
0.381641 24.0 24.425024
0.382031 24.0 24.449984
0.382422 24.0 24.475008
0.382813 24.0 24.500032
0.383203 24.0 24.524992
0.383594 24.0 24.550016
0.383984 24.0 24.574976
0.384375 24.0 24.6
0.384766 24.0 24.625024
0.385156 24.0 24.649984
0.385547 24.0 24.675008
0.385938 24.0 24.700032
0.386328 24.0 24.724992
0.386719 24.0 24.750016
0.387109 24.0 24.774976
0.3875 24.0 24.8
0.387891 24.0 24.825024
0.388281 24.0 24.849984
0.388672 24.0 24.875008
0.389063 24.0 24.900032
0.389453 24.0 24.924992
0.389844 24.0 24.950016
0.390234 24.0 24.974976
0.390625 24.0 25.0
0.391016 24.0 25.025024
0.391406 24.0 25.049984
0.391797 24.0 25.075008
0.392188 24.0 25.100032
0.392578 24.0 25.124992
0.392969 24.0 25.150016
0.393359 24.0 25.174976
0.39375 24.0 25.2
0.394141 24.0 25.225024
0.394531 24.0 25.249984
0.394922 24.0 25.275008
0.395313 24.0 25.300032
0.395703 24.0 25.324992
0.396094 24.0 25.350016
0.396484 24.0 25.374976
0.396875 24.0 25.4
0.397266 25.0 25.425024
0.397656 25.0 25.449984
0.398047 25.0 25.475008
0.398438 25.0 25.500032
0.398828 25.0 25.524992
0.399219 25.0 25.550016
0.399609 25.0 25.574976
0.4 25.0 25.6
0.400391 25.0 25.625024
0.400781 25.0 25.649984
0.401172 25.0 25.675008
0.401562 25.0 25.699968
0.401953 25.0 25.724992
0.402344 25.0 25.750016
0.402734 25.0 25.774976
0.403125 25.0 25.8
0.403516 25.0 25.825024
0.403906 25.0 25.849984
0.404297 25.0 25.875008
0.404688 25.0 25.900032
0.405078 25.0 25.924992
0.405469 25.0 25.950016
0.405859 25.0 25.974976
0.40625 25.0 26.0
0.406641 25.0 26.025024
0.407031 25.0 26.049984
0.407422 25.0 26.075008
0.407813 25.0 26.100032
0.408203 25.0 26.124992
0.408594 25.0 26.150016
0.408984 25.0 26.174976
0.409375 25.0 26.2
0.409766 25.0 26.225024
0.410156 25.0 26.249984
0.410547 25.0 26.275008
0.410938 25.0 26.300032
0.411328 25.0 26.324992
0.411719 25.0 26.350016
0.412109 25.0 26.374976
0.4125 25.0 26.4
0.412891 26.0 26.425024
0.413281 26.0 26.449984
0.413672 26.0 26.475008
0.414063 26.0 26.500032
0.414453 26.0 26.524992
0.414844 26.0 26.550016
0.415234 26.0 26.574976
0.415625 26.0 26.6
0.416016 26.0 26.625024
0.416406 26.0 26.649984
0.416797 26.0 26.675008
0.417188 26.0 26.700032
0.417578 26.0 26.724992
0.417969 26.0 26.750016
0.418359 26.0 26.774976
0.41875 26.0 26.8
0.419141 26.0 26.825024
0.419531 26.0 26.849984
0.419922 26.0 26.875008
0.420313 26.0 26.900032
0.420703 26.0 26.924992
0.421094 26.0 26.950016
0.421484 26.0 26.974976
0.421875 26.0 27.0
0.422266 26.0 27.025024
0.422656 26.0 27.049984
0.423047 26.0 27.075008
0.423438 26.0 27.100032
0.423828 26.0 27.124992
0.424219 26.0 27.150016
0.424609 26.0 27.174976
0.425 26.0 27.2
0.425391 26.0 27.225024
0.425781 26.0 27.249984
0.426172 26.0 27.275008
0.426563 26.0 27.300032
0.426953 26.0 27.324992
0.427344 26.0 27.350016
0.427734 26.0 27.374976
0.428125 26.0 27.4
0.428516 27.0 27.425024
0.428906 27.0 27.449984
0.429297 27.0 27.475008
0.429688 27.0 27.500032
0.430078 27.0 27.524992
0.430469 27.0 27.550016
0.430859 27.0 27.574976
0.43125 27.0 27.6
0.431641 27.0 27.625024
0.432031 27.0 27.649984
0.432422 27.0 27.675008
0.432813 27.0 27.700032
0.433203 27.0 27.724992
0.433594 27.0 27.750016
0.433984 27.0 27.774976
0.434375 27.0 27.8
0.434766 27.0 27.825024
0.435156 27.0 27.849984
0.435547 27.0 27.875008
0.435938 27.0 27.900032
0.436328 27.0 27.924992
0.436719 27.0 27.950016
0.437109 27.0 27.974976
0.4375 27.0 28.0
0.437891 27.0 28.025024
0.438281 27.0 28.049984
0.438672 27.0 28.075008
0.439063 27.0 28.100032
0.439453 27.0 28.124992
0.439844 27.0 28.150016
0.440234 27.0 28.174976
0.440625 27.0 28.2
0.441016 27.0 28.225024
0.441406 27.0 28.249984
0.441797 27.0 28.275008
0.442188 27.0 28.300032
0.442578 27.0 28.324992
0.442969 27.0 28.350016
0.443359 27.0 28.374976
0.44375 27.0 28.4
0.444141 28.0 28.425024
0.444531 28.0 28.449984
0.444922 28.0 28.475008
0.445313 28.0 28.500032
0.445703 28.0 28.524992
0.446094 28.0 28.550016
0.446484 28.0 28.574976
0.446875 28.0 28.6
0.447266 28.0 28.625024
0.447656 28.0 28.649984
0.448047 28.0 28.675008
0.448438 28.0 28.700032
0.448828 28.0 28.724992
0.449219 28.0 28.750016
0.449609 28.0 28.774976
0.45 28.0 28.8
0.450391 28.0 28.825024
0.450781 28.0 28.849984
0.451172 28.0 28.875008
0.451563 28.0 28.900032
0.451953 28.0 28.924992
0.452344 28.0 28.950016
0.452734 28.0 28.974976
0.453125 28.0 29.0
0.453516 28.0 29.025024
0.453906 28.0 29.049984
0.454297 28.0 29.075008
0.454688 28.0 29.100032
0.455078 28.0 29.124992
0.455469 28.0 29.150016
0.455859 28.0 29.174976
0.45625 28.0 29.2
0.456641 28.0 29.225024
0.457031 28.0 29.249984
0.457422 28.0 29.275008
0.457813 28.0 29.300032
0.458203 28.0 29.324992
0.458594 28.0 29.350016
0.458984 28.0 29.374976
0.459375 28.0 29.4
0.459766 29.0 29.425024
0.460156 29.0 29.449984
0.460547 29.0 29.475008
0.460938 29.0 29.500032
0.461328 29.0 29.524992
0.461719 29.0 29.550016
0.462109 29.0 29.574976
0.4625 29.0 29.6
0.462891 29.0 29.625024
0.463281 29.0 29.649984
0.463672 29.0 29.675008
0.464063 29.0 29.700032
0.464453 29.0 29.724992
0.464844 29.0 29.750016
0.465234 29.0 29.774976
0.465625 29.0 29.8
0.466016 29.0 29.825024
0.466406 29.0 29.849984
0.466797 29.0 29.875008
0.467188 29.0 29.900032
0.467578 29.0 29.924992
0.467969 29.0 29.950016
0.468359 29.0 29.974976
0.46875 29.0 30.0
0.469141 29.0 30.025024
0.469531 29.0 30.049984
0.469922 29.0 30.075008
0.470313 29.0 30.100032
0.470703 29.0 30.124992
0.471094 29.0 30.150016
0.471484 29.0 30.174976
0.471875 29.0 30.2
0.472266 29.0 30.225024
0.472656 29.0 30.249984
0.473047 29.0 30.275008
0.473438 29.0 30.300032
0.473828 29.0 30.324992
0.474219 29.0 30.350016
0.474609 29.0 30.374976
0.475 29.0 30.4
0.475391 30.0 30.425024
0.475781 30.0 30.449984
0.476172 30.0 30.475008
0.476563 30.0 30.500032
0.476953 30.0 30.524992
0.477344 30.0 30.550016
0.477734 30.0 30.574976
0.478125 30.0 30.6
0.478516 30.0 30.625024
0.478906 30.0 30.649984
0.479297 30.0 30.675008
0.479688 30.0 30.700032
0.480078 30.0 30.724992
0.480469 30.0 30.750016
0.480859 30.0 30.774976
0.48125 30.0 30.8
0.481641 30.0 30.825024
0.482031 30.0 30.849984
0.482422 30.0 30.875008
0.482813 30.0 30.900032
0.483203 30.0 30.924992
0.483594 30.0 30.950016
0.483984 30.0 30.974976
0.484375 30.0 31.0
0.484766 30.0 31.025024
0.485156 30.0 31.049984
0.485547 30.0 31.075008
0.485938 30.0 31.100032
0.486328 30.0 31.124992
0.486719 30.0 31.150016
0.487109 30.0 31.174976
0.4875 30.0 31.2
0.487891 30.0 31.225024
0.488281 30.0 31.249984
0.488672 30.0 31.275008
0.489063 30.0 31.300032
0.489453 30.0 31.324992
0.489844 30.0 31.350016
0.490234 30.0 31.374976
0.490625 30.0 31.4
0.491016 31.0 31.425024
0.491406 31.0 31.449984
0.491797 31.0 31.475008
0.492188 31.0 31.500032
0.492578 31.0 31.524992
0.492969 31.0 31.550016
0.493359 31.0 31.574976
0.49375 31.0 31.6
0.494141 31.0 31.625024
0.494531 31.0 31.649984
0.494922 31.0 31.675008
0.495313 31.0 31.700032
0.495703 31.0 31.724992
0.496094 31.0 31.750016
0.496484 31.0 31.774976
0.496875 31.0 31.8
0.497266 31.0 31.825024
0.497656 31.0 31.849984
0.498047 31.0 31.875008
0.498438 31.0 31.900032
0.498828 31.0 31.924992
0.499219 31.0 31.950016
0.499609 31.0 31.974976
0.5 31.0 32.0
0.500391 31.0 32.025024
0.500781 31.0 32.049984
0.501172 31.0 32.075008
0.501563 31.0 32.100032
0.501953 31.0 32.124992
0.502344 31.0 32.150016
0.502734 31.0 32.174976
0.503125 31.0 32.2
0.503516 31.0 32.225024
0.503906 31.0 32.249984
0.504297 31.0 32.275008
0.504687 31.0 32.299968
0.505078 31.0 32.324992
0.505469 31.0 32.350016
0.505859 31.0 32.374976
0.50625 31.0 32.4
0.506641 32.0 32.425024
0.507031 32.0 32.449984
0.507422 32.0 32.475008
0.507813 32.0 32.500032
0.508203 32.0 32.524992
0.508594 32.0 32.550016
0.508984 32.0 32.574976
0.509375 32.0 32.6
0.509766 32.0 32.625024
0.510156 32.0 32.649984
0.510547 32.0 32.675008
0.510938 32.0 32.700032
0.511328 32.0 32.724992
0.511719 32.0 32.750016
0.512109 32.0 32.774976
0.5125 32.0 32.8
0.512891 32.0 32.825024
0.513281 32.0 32.849984
0.513672 32.0 32.875008
0.514063 32.0 32.900032
0.514453 32.0 32.924992
0.514844 32.0 32.950016
0.515234 32.0 32.974976
0.515625 32.0 33.0
0.516016 32.0 33.025024
0.516406 32.0 33.049984
0.516797 32.0 33.075008
0.517188 32.0 33.100032
0.517578 32.0 33.124992
0.517969 32.0 33.150016
0.518359 32.0 33.174976
0.51875 32.0 33.2
0.519141 32.0 33.225024
0.519531 32.0 33.249984
0.519922 32.0 33.275008
0.520313 32.0 33.300032
0.520703 32.0 33.324992
0.521094 32.0 33.350016
0.521484 32.0 33.374976
0.521875 32.0 33.4
0.522266 33.0 33.425024
0.522656 33.0 33.449984
0.523047 33.0 33.475008
0.523438 33.0 33.500032
0.523828 33.0 33.524992
0.524219 33.0 33.550016
0.524609 33.0 33.574976
0.525 33.0 33.6
0.525391 33.0 33.625024
0.525781 33.0 33.649984
0.526172 33.0 33.675008
0.526563 33.0 33.700032
0.526953 33.0 33.724992
0.527344 33.0 33.750016
0.527734 33.0 33.774976
0.528125 33.0 33.8
0.528516 33.0 33.825024
0.528906 33.0 33.849984
0.529297 33.0 33.875008
0.529688 33.0 33.900032
0.530078 33.0 33.924992
0.530469 33.0 33.950016
0.530859 33.0 33.974976
0.53125 33.0 34.0
0.531641 33.0 34.025024
0.532031 33.0 34.049984
0.532422 33.0 34.075008
0.532813 33.0 34.100032
0.533203 33.0 34.124992
0.533594 33.0 34.150016
0.533984 33.0 34.174976
0.534375 33.0 34.2
0.534766 33.0 34.225024
0.535156 33.0 34.249984
0.535547 33.0 34.275008
0.535938 33.0 34.300032
0.536328 33.0 34.324992
0.536719 33.0 34.350016
0.537109 33.0 34.374976
0.5375 33.0 34.4
0.537891 34.0 34.425024
0.538281 34.0 34.449984
0.538672 34.0 34.475008
0.539063 34.0 34.500032
0.539453 34.0 34.524992
0.539844 34.0 34.550016
0.540234 34.0 34.574976
0.540625 34.0 34.6
0.541016 34.0 34.625024
0.541406 34.0 34.649984
0.541797 34.0 34.675008
0.542188 34.0 34.700032
0.542578 34.0 34.724992
0.542969 34.0 34.750016
0.543359 34.0 34.774976
0.54375 34.0 34.8
0.544141 34.0 34.825024
0.544531 34.0 34.849984
0.544922 34.0 34.875008
0.545313 34.0 34.900032
0.545703 34.0 34.924992
0.546094 34.0 34.950016
0.546484 34.0 34.974976
0.546875 34.0 35.0
0.547266 34.0 35.025024
0.547656 34.0 35.049984
0.548047 34.0 35.075008
0.548438 34.0 35.100032
0.548828 34.0 35.124992
0.549219 34.0 35.150016
0.549609 34.0 35.174976
0.55 34.0 35.2
0.550391 34.0 35.225024
0.550781 34.0 35.249984
0.551172 34.0 35.275008
0.551563 34.0 35.300032
0.551953 34.0 35.324992
0.552344 34.0 35.350016
0.552734 34.0 35.374976
0.553125 34.0 35.4
0.553516 35.0 35.425024
0.553906 35.0 35.449984
0.554297 35.0 35.475008
0.554688 35.0 35.500032
0.555078 35.0 35.524992
0.555469 35.0 35.550016
0.555859 35.0 35.574976
0.55625 35.0 35.6
0.556641 35.0 35.625024
0.557031 35.0 35.649984
0.557422 35.0 35.675008
0.557813 35.0 35.700032
0.558203 35.0 35.724992
0.558594 35.0 35.750016
0.558984 35.0 35.774976
0.559375 35.0 35.8
0.559766 35.0 35.825024
0.560156 35.0 35.849984
0.560547 35.0 35.875008
0.560938 35.0 35.900032
0.561328 35.0 35.924992
0.561719 35.0 35.950016
0.562109 35.0 35.974976
0.5625 35.0 36.0
0.562891 35.0 36.025024
0.563281 35.0 36.049984
0.563672 35.0 36.075008
0.564063 35.0 36.100032
0.564453 35.0 36.124992
0.564844 35.0 36.150016
0.565234 35.0 36.174976
0.565625 35.0 36.2
0.566016 35.0 36.225024
0.566406 35.0 36.249984
0.566797 35.0 36.275008
0.567188 35.0 36.300032
0.567578 35.0 36.324992
0.567969 35.0 36.350016
0.568359 35.0 36.374976
0.56875 35.0 36.4
0.569141 36.0 36.425024
0.569531 36.0 36.449984
0.569922 36.0 36.475008
0.570313 36.0 36.500032
0.570703 36.0 36.524992
0.571094 36.0 36.550016
0.571484 36.0 36.574976
0.571875 36.0 36.6
0.572266 36.0 36.625024
0.572656 36.0 36.649984
0.573047 36.0 36.675008
0.573438 36.0 36.700032
0.573828 36.0 36.724992
0.574219 36.0 36.750016
0.574609 36.0 36.774976
0.575 36.0 36.8
0.575391 36.0 36.825024
0.575781 36.0 36.849984
0.576172 36.0 36.875008
0.576563 36.0 36.900032
0.576953 36.0 36.924992
0.577344 36.0 36.950016
0.577734 36.0 36.974976
0.578125 36.0 37.0
0.578516 36.0 37.025024
0.578906 36.0 37.049984
0.579297 36.0 37.075008
0.579688 36.0 37.100032
0.580078 36.0 37.124992
0.580469 36.0 37.150016
0.580859 36.0 37.174976
0.58125 36.0 37.2
0.581641 36.0 37.225024
0.582031 36.0 37.249984
0.582422 36.0 37.275008
0.582813 36.0 37.300032
0.583203 36.0 37.324992
0.583594 36.0 37.350016
0.583984 36.0 37.374976
0.584375 36.0 37.4
0.584766 37.0 37.425024
0.585156 37.0 37.449984
0.585547 37.0 37.475008
0.585938 37.0 37.500032
0.586328 37.0 37.524992
0.586719 37.0 37.550016
0.587109 37.0 37.574976
0.5875 37.0 37.6
0.587891 37.0 37.625024
0.588281 37.0 37.649984
0.588672 37.0 37.675008
0.589063 37.0 37.700032
0.589453 37.0 37.724992
0.589844 37.0 37.750016
0.590234 37.0 37.774976
0.590625 37.0 37.8
0.591016 37.0 37.825024
0.591406 37.0 37.849984
0.591797 37.0 37.875008
0.592187 37.0 37.899968
0.592578 37.0 37.924992
0.592969 37.0 37.950016
0.593359 37.0 37.974976
0.59375 37.0 38.0
0.594141 37.0 38.025024
0.594531 37.0 38.049984
0.594922 37.0 38.075008
0.595313 37.0 38.100032
0.595703 37.0 38.124992
0.596094 37.0 38.150016
0.596484 37.0 38.174976
0.596875 37.0 38.2
0.597266 37.0 38.225024
0.597656 37.0 38.249984
0.598047 37.0 38.275008
0.598438 37.0 38.300032
0.598828 37.0 38.324992
0.599219 37.0 38.350016
0.599609 37.0 38.374976
0.6 37.0 38.4
0.600391 38.0 38.425024
0.600781 38.0 38.449984
0.601172 38.0 38.475008
0.601563 38.0 38.500032
0.601953 38.0 38.524992
0.602344 38.0 38.550016
0.602734 38.0 38.574976
0.603125 38.0 38.6
0.603516 38.0 38.625024
0.603906 38.0 38.649984
0.604297 38.0 38.675008
0.604688 38.0 38.700032
0.605078 38.0 38.724992
0.605469 38.0 38.750016
0.605859 38.0 38.774976
0.60625 38.0 38.8
0.606641 38.0 38.825024
0.607031 38.0 38.849984
0.607422 38.0 38.875008
0.607813 38.0 38.900032
0.608203 38.0 38.924992
0.608594 38.0 38.950016
0.608984 38.0 38.974976
0.609375 38.0 39.0
0.609766 38.0 39.025024
0.610156 38.0 39.049984
0.610547 38.0 39.075008
0.610937 38.0 39.099968
0.611328 38.0 39.124992
0.611719 38.0 39.150016
0.612109 38.0 39.174976
0.6125 38.0 39.2
0.612891 38.0 39.225024
0.613281 38.0 39.249984
0.613672 38.0 39.275008
0.614063 38.0 39.300032
0.614453 38.0 39.324992
0.614844 38.0 39.350016
0.615234 38.0 39.374976
0.615625 38.0 39.4
0.616016 39.0 39.425024
0.616406 39.0 39.449984
0.616797 39.0 39.475008
0.617188 39.0 39.500032
0.617578 39.0 39.524992
0.617969 39.0 39.550016
0.618359 39.0 39.574976
0.61875 39.0 39.6
0.619141 39.0 39.625024
0.619531 39.0 39.649984
0.619922 39.0 39.675008
0.620313 39.0 39.700032
0.620703 39.0 39.724992
0.621094 39.0 39.750016
0.621484 39.0 39.774976
0.621875 39.0 39.8
0.622266 39.0 39.825024
0.622656 39.0 39.849984
0.623047 39.0 39.875008
0.623437 39.0 39.899968
0.623828 39.0 39.924992
0.624219 39.0 39.950016
0.624609 39.0 39.974976
0.625 39.0 40.0
0.625391 39.0 40.025024
0.625781 39.0 40.049984
0.626172 39.0 40.075008
0.626563 39.0 40.100032
0.626953 39.0 40.124992
0.627344 39.0 40.150016
0.627734 39.0 40.174976
0.628125 39.0 40.2
0.628516 39.0 40.225024
0.628906 39.0 40.249984
0.629297 39.0 40.275008
0.629688 39.0 40.300032
0.630078 39.0 40.324992
0.630469 39.0 40.350016
0.630859 39.0 40.374976
0.63125 39.0 40.4
0.631641 40.0 40.425024
0.632031 40.0 40.449984
0.632422 40.0 40.475008
0.632813 40.0 40.500032
0.633203 40.0 40.524992
0.633594 40.0 40.550016
0.633984 40.0 40.574976
0.634375 40.0 40.6
0.634766 40.0 40.625024
0.635156 40.0 40.649984
0.635547 40.0 40.675008
0.635938 40.0 40.700032
0.636328 40.0 40.724992
0.636719 40.0 40.750016
0.637109 40.0 40.774976
0.6375 40.0 40.8
0.637891 40.0 40.825024
0.638281 40.0 40.849984
0.638672 40.0 40.875008
0.639063 40.0 40.900032
0.639453 40.0 40.924992
0.639844 40.0 40.950016
0.640234 40.0 40.974976
0.640625 40.0 41.0
0.641016 40.0 41.025024
0.641406 40.0 41.049984
0.641797 40.0 41.075008
0.642188 40.0 41.100032
0.642578 40.0 41.124992
0.642969 40.0 41.150016
0.643359 40.0 41.174976
0.64375 40.0 41.2
0.644141 40.0 41.225024
0.644531 40.0 41.249984
0.644922 40.0 41.275008
0.645313 40.0 41.300032
0.645703 40.0 41.324992
0.646094 40.0 41.350016
0.646484 40.0 41.374976
0.646875 40.0 41.4
0.647266 41.0 41.425024
0.647656 41.0 41.449984
0.648047 41.0 41.475008
0.648438 41.0 41.500032
0.648828 41.0 41.524992
0.649219 41.0 41.550016
0.649609 41.0 41.574976
0.65 41.0 41.6
0.650391 41.0 41.625024
0.650781 41.0 41.649984
0.651172 41.0 41.675008
0.651563 41.0 41.700032
0.651953 41.0 41.724992
0.652344 41.0 41.750016
0.652734 41.0 41.774976
0.653125 41.0 41.8
0.653516 41.0 41.825024
0.653906 41.0 41.849984
0.654297 41.0 41.875008
0.654688 41.0 41.900032
0.655078 41.0 41.924992
0.655469 41.0 41.950016
0.655859 41.0 41.974976
0.65625 41.0 42.0
0.656641 41.0 42.025024
0.657031 41.0 42.049984
0.657422 41.0 42.075008
0.657813 41.0 42.100032
0.658203 41.0 42.124992
0.658594 41.0 42.150016
0.658984 41.0 42.174976
0.659375 41.0 42.2
0.659766 41.0 42.225024
0.660156 41.0 42.249984
0.660547 41.0 42.275008
0.660938 41.0 42.300032
0.661328 41.0 42.324992
0.661719 41.0 42.350016
0.662109 41.0 42.374976
0.6625 41.0 42.4
0.662891 42.0 42.425024
0.663281 42.0 42.449984
0.663672 42.0 42.475008
0.664063 42.0 42.500032
0.664453 42.0 42.524992
0.664844 42.0 42.550016
0.665234 42.0 42.574976
0.665625 42.0 42.6
0.666016 42.0 42.625024
0.666406 42.0 42.649984
0.666797 42.0 42.675008
0.667188 42.0 42.700032
0.667578 42.0 42.724992
0.667969 42.0 42.750016
0.668359 42.0 42.774976
0.66875 42.0 42.8
0.669141 42.0 42.825024
0.669531 42.0 42.849984
0.669922 42.0 42.875008
0.670313 42.0 42.900032
0.670703 42.0 42.924992
0.671094 42.0 42.950016
0.671484 42.0 42.974976
0.671875 42.0 43.0
0.672266 42.0 43.025024
0.672656 42.0 43.049984
0.673047 42.0 43.075008
0.673438 42.0 43.100032
0.673828 42.0 43.124992
0.674219 42.0 43.150016
0.674609 42.0 43.174976
0.675 42.0 43.2
0.675391 42.0 43.225024
0.675781 42.0 43.249984
0.676172 42.0 43.275008
0.676563 42.0 43.300032
0.676953 42.0 43.324992
0.677344 42.0 43.350016
0.677734 42.0 43.374976
0.678125 42.0 43.4
0.678516 43.0 43.425024
0.678906 43.0 43.449984
0.679297 43.0 43.475008
0.679688 43.0 43.500032
0.680078 43.0 43.524992
0.680469 43.0 43.550016
0.680859 43.0 43.574976
0.68125 43.0 43.6
0.681641 43.0 43.625024
0.682031 43.0 43.649984
0.682422 43.0 43.675008
0.682813 43.0 43.700032
0.683203 43.0 43.724992
0.683594 43.0 43.750016
0.683984 43.0 43.774976
0.684375 43.0 43.8
0.684766 43.0 43.825024
0.685156 43.0 43.849984
0.685547 43.0 43.875008
0.685938 43.0 43.900032
0.686328 43.0 43.924992
0.686719 43.0 43.950016
0.687109 43.0 43.974976
0.6875 43.0 44.0
0.687891 43.0 44.025024
0.688281 43.0 44.049984
0.688672 43.0 44.075008
0.689063 43.0 44.100032
0.689453 43.0 44.124992
0.689844 43.0 44.150016
0.690234 43.0 44.174976
0.690625 43.0 44.2
0.691016 43.0 44.225024
0.691406 43.0 44.249984
0.691797 43.0 44.275008
0.692187 43.0 44.299968
0.692578 43.0 44.324992
0.692969 43.0 44.350016
0.693359 43.0 44.374976
0.69375 43.0 44.4
0.694141 44.0 44.425024
0.694531 44.0 44.449984
0.694922 44.0 44.475008
0.695313 44.0 44.500032
0.695703 44.0 44.524992
0.696094 44.0 44.550016
0.696484 44.0 44.574976
0.696875 44.0 44.6
0.697266 44.0 44.625024
0.697656 44.0 44.649984
0.698047 44.0 44.675008
0.698438 44.0 44.700032
0.698828 44.0 44.724992
0.699219 44.0 44.750016
0.699609 44.0 44.774976
0.7 44.0 44.8
0.700391 44.0 44.825024
0.700781 44.0 44.849984
0.701172 44.0 44.875008
0.701563 44.0 44.900032
0.701953 44.0 44.924992
0.702344 44.0 44.950016
0.702734 44.0 44.974976
0.703125 44.0 45.0
0.703516 44.0 45.025024
0.703906 44.0 45.049984
0.704297 44.0 45.075008
0.704688 44.0 45.100032
0.705078 44.0 45.124992
0.705469 44.0 45.150016
0.705859 44.0 45.174976
0.70625 44.0 45.2
0.706641 44.0 45.225024
0.707031 44.0 45.249984
0.707422 44.0 45.275008
0.707813 44.0 45.300032
0.708203 44.0 45.324992
0.708594 44.0 45.350016
0.708984 44.0 45.374976
0.709375 44.0 45.4
0.709766 45.0 45.425024
0.710156 45.0 45.449984
0.710547 45.0 45.475008
0.710938 45.0 45.500032
0.711328 45.0 45.524992
0.711719 45.0 45.550016
0.712109 45.0 45.574976
0.7125 45.0 45.6
0.712891 45.0 45.625024
0.713281 45.0 45.649984
0.713672 45.0 45.675008
0.714063 45.0 45.700032
0.714453 45.0 45.724992
0.714844 45.0 45.750016
0.715234 45.0 45.774976
0.715625 45.0 45.8
0.716016 45.0 45.825024
0.716406 45.0 45.849984
0.716797 45.0 45.875008
0.717188 45.0 45.900032
0.717578 45.0 45.924992
0.717969 45.0 45.950016
0.718359 45.0 45.974976
0.71875 45.0 46.0
0.719141 45.0 46.025024
0.719531 45.0 46.049984
0.719922 45.0 46.075008
0.720313 45.0 46.100032
0.720703 45.0 46.124992
0.721094 45.0 46.150016
0.721484 45.0 46.174976
0.721875 45.0 46.2
0.722266 45.0 46.225024
0.722656 45.0 46.249984
0.723047 45.0 46.275008
0.723438 45.0 46.300032
0.723828 45.0 46.324992
0.724219 45.0 46.350016
0.724609 45.0 46.374976
0.725 45.0 46.4
0.725391 46.0 46.425024
0.725781 46.0 46.449984
0.726172 46.0 46.475008
0.726563 46.0 46.500032
0.726953 46.0 46.524992
0.727344 46.0 46.550016
0.727734 46.0 46.574976
0.728125 46.0 46.6
0.728516 46.0 46.625024
0.728906 46.0 46.649984
0.729297 46.0 46.675008
0.729688 46.0 46.700032
0.730078 46.0 46.724992
0.730469 46.0 46.750016
0.730859 46.0 46.774976
0.73125 46.0 46.8
0.731641 46.0 46.825024
0.732031 46.0 46.849984
0.732422 46.0 46.875008
0.732813 46.0 46.900032
0.733203 46.0 46.924992
0.733594 46.0 46.950016
0.733984 46.0 46.974976
0.734375 46.0 47.0
0.734766 46.0 47.025024
0.735156 46.0 47.049984
0.735547 46.0 47.075008
0.735938 46.0 47.100032
0.736328 46.0 47.124992
0.736719 46.0 47.150016
0.737109 46.0 47.174976
0.7375 46.0 47.2
0.737891 46.0 47.225024
0.738281 46.0 47.249984
0.738672 46.0 47.275008
0.739063 46.0 47.300032
0.739453 46.0 47.324992
0.739844 46.0 47.350016
0.740234 46.0 47.374976
0.740625 46.0 47.4
0.741016 47.0 47.425024
0.741406 47.0 47.449984
0.741797 47.0 47.475008
0.742188 47.0 47.500032
0.742578 47.0 47.524992
0.742969 47.0 47.550016
0.743359 47.0 47.574976
0.74375 47.0 47.6
0.744141 47.0 47.625024
0.744531 47.0 47.649984
0.744922 47.0 47.675008
0.745313 47.0 47.700032
0.745703 47.0 47.724992
0.746094 47.0 47.750016
0.746484 47.0 47.774976
0.746875 47.0 47.8
0.747266 47.0 47.825024
0.747656 47.0 47.849984
0.748047 47.0 47.875008
0.748437 47.0 47.899968
0.748828 47.0 47.924992
0.749219 47.0 47.950016
0.749609 47.0 47.974976
0.75 47.0 48.0
0.750391 47.0 48.025024
0.750781 47.0 48.049984
0.751172 47.0 48.075008
0.751563 47.0 48.100032
0.751953 47.0 48.124992
0.752344 47.0 48.150016
0.752734 47.0 48.174976
0.753125 47.0 48.2
0.753516 47.0 48.225024
0.753906 47.0 48.249984
0.754297 47.0 48.275008
0.754688 47.0 48.300032
0.755078 47.0 48.324992
0.755469 47.0 48.350016
0.755859 47.0 48.374976
0.75625 47.0 48.4
0.756641 48.0 48.425024
0.757031 48.0 48.449984
0.757422 48.0 48.475008
0.757813 48.0 48.500032
0.758203 48.0 48.524992
0.758594 48.0 48.550016
0.758984 48.0 48.574976
0.759375 48.0 48.6
0.759766 48.0 48.625024
0.760156 48.0 48.649984
0.760547 48.0 48.675008
0.760938 48.0 48.700032
0.761328 48.0 48.724992
0.761719 48.0 48.750016
0.762109 48.0 48.774976
0.7625 48.0 48.8
0.762891 48.0 48.825024
0.763281 48.0 48.849984
0.763672 48.0 48.875008
0.764063 48.0 48.900032
0.764453 48.0 48.924992
0.764844 48.0 48.950016
0.765234 48.0 48.974976
0.765625 48.0 49.0
0.766016 48.0 49.025024
0.766406 48.0 49.049984
0.766797 48.0 49.075008
0.767188 48.0 49.100032
0.767578 48.0 49.124992
0.767969 48.0 49.150016
0.768359 48.0 49.174976
0.76875 48.0 49.2
0.769141 48.0 49.225024
0.769531 48.0 49.249984
0.769922 48.0 49.275008
0.770313 48.0 49.300032
0.770703 48.0 49.324992
0.771094 48.0 49.350016
0.771484 48.0 49.374976
0.771875 48.0 49.4
0.772266 49.0 49.425024
0.772656 49.0 49.449984
0.773047 49.0 49.475008
0.773438 49.0 49.500032
0.773828 49.0 49.524992
0.774219 49.0 49.550016
0.774609 49.0 49.574976
0.775 49.0 49.6
0.775391 49.0 49.625024
0.775781 49.0 49.649984
0.776172 49.0 49.675008
0.776563 49.0 49.700032
0.776953 49.0 49.724992
0.777344 49.0 49.750016
0.777734 49.0 49.774976
0.778125 49.0 49.8
0.778516 49.0 49.825024
0.778906 49.0 49.849984
0.779297 49.0 49.875008
0.779688 49.0 49.900032
0.780078 49.0 49.924992
0.780469 49.0 49.950016
0.780859 49.0 49.974976
0.78125 49.0 50.0
0.781641 49.0 50.025024
0.782031 49.0 50.049984
0.782422 49.0 50.075008
0.782813 49.0 50.100032
0.783203 49.0 50.124992
0.783594 49.0 50.150016
0.783984 49.0 50.174976
0.784375 49.0 50.2
0.784766 49.0 50.225024
0.785156 49.0 50.249984
0.785547 49.0 50.275008
0.785938 49.0 50.300032
0.786328 49.0 50.324992
0.786719 49.0 50.350016
0.787109 49.0 50.374976
0.7875 49.0 50.4
0.787891 50.0 50.425024
0.788281 50.0 50.449984
0.788672 50.0 50.475008
0.789063 50.0 50.500032
0.789453 50.0 50.524992
0.789844 50.0 50.550016
0.790234 50.0 50.574976
0.790625 50.0 50.6
0.791016 50.0 50.625024
0.791406 50.0 50.649984
0.791797 50.0 50.675008
0.792188 50.0 50.700032
0.792578 50.0 50.724992
0.792969 50.0 50.750016
0.793359 50.0 50.774976
0.79375 50.0 50.8
0.794141 50.0 50.825024
0.794531 50.0 50.849984
0.794922 50.0 50.875008
0.795313 50.0 50.900032
0.795703 50.0 50.924992
0.796094 50.0 50.950016
0.796484 50.0 50.974976
0.796875 50.0 51.0
0.797266 50.0 51.025024
0.797656 50.0 51.049984
0.798047 50.0 51.075008
0.798438 50.0 51.100032
0.798828 50.0 51.124992
0.799219 50.0 51.150016
0.799609 50.0 51.174976
0.8 50.0 51.2
0.800391 50.0 51.225024
0.800781 50.0 51.249984
0.801172 50.0 51.275008
0.801563 50.0 51.300032
0.801953 50.0 51.324992
0.802344 50.0 51.350016
0.802734 50.0 51.374976
0.803125 50.0 51.4
0.803516 51.0 51.425024
0.803906 51.0 51.449984
0.804297 51.0 51.475008
0.804688 51.0 51.500032
0.805078 51.0 51.524992
0.805469 51.0 51.550016
0.805859 51.0 51.574976
0.80625 51.0 51.6
0.806641 51.0 51.625024
0.807031 51.0 51.649984
0.807422 51.0 51.675008
0.807813 51.0 51.700032
0.808203 51.0 51.724992
0.808594 51.0 51.750016
0.808984 51.0 51.774976
0.809375 51.0 51.8
0.809766 51.0 51.825024
0.810156 51.0 51.849984
0.810547 51.0 51.875008
0.810938 51.0 51.900032
0.811328 51.0 51.924992
0.811719 51.0 51.950016
0.812109 51.0 51.974976
0.8125 51.0 52.0
0.812891 51.0 52.025024
0.813281 51.0 52.049984
0.813672 51.0 52.075008
0.814063 51.0 52.100032
0.814453 51.0 52.124992
0.814844 51.0 52.150016
0.815234 51.0 52.174976
0.815625 51.0 52.2
0.816016 51.0 52.225024
0.816406 51.0 52.249984
0.816797 51.0 52.275008
0.817188 51.0 52.300032
0.817578 51.0 52.324992
0.817969 51.0 52.350016
0.818359 51.0 52.374976
0.81875 51.0 52.4
0.819141 52.0 52.425024
0.819531 52.0 52.449984
0.819922 52.0 52.475008
0.820313 52.0 52.500032
0.820703 52.0 52.524992
0.821094 52.0 52.550016
0.821484 52.0 52.574976
0.821875 52.0 52.6
0.822266 52.0 52.625024
0.822656 52.0 52.649984
0.823047 52.0 52.675008
0.823438 52.0 52.700032
0.823828 52.0 52.724992
0.824219 52.0 52.750016
0.824609 52.0 52.774976
0.825 52.0 52.8
0.825391 52.0 52.825024
0.825781 52.0 52.849984
0.826172 52.0 52.875008
0.826563 52.0 52.900032
0.826953 52.0 52.924992
0.827344 52.0 52.950016
0.827734 52.0 52.974976
0.828125 52.0 53.0
0.828516 52.0 53.025024
0.828906 52.0 53.049984
0.829297 52.0 53.075008
0.829688 52.0 53.100032
0.830078 52.0 53.124992
0.830469 52.0 53.150016
0.830859 52.0 53.174976
0.83125 52.0 53.2
0.831641 52.0 53.225024
0.832031 52.0 53.249984
0.832422 52.0 53.275008
0.832813 52.0 53.300032
0.833203 52.0 53.324992
0.833594 52.0 53.350016
0.833984 52.0 53.374976
0.834375 52.0 53.4
0.834766 53.0 53.425024
0.835156 53.0 53.449984
0.835547 53.0 53.475008
0.835938 53.0 53.500032
0.836328 53.0 53.524992
0.836719 53.0 53.550016
0.837109 53.0 53.574976
0.8375 53.0 53.6
0.837891 53.0 53.625024
0.838281 53.0 53.649984
0.838672 53.0 53.675008
0.839063 53.0 53.700032
0.839453 53.0 53.724992
0.839844 53.0 53.750016
0.840234 53.0 53.774976
0.840625 53.0 53.8
0.841016 53.0 53.825024
0.841406 53.0 53.849984
0.841797 53.0 53.875008
0.842187 53.0 53.899968
0.842578 53.0 53.924992
0.842969 53.0 53.950016
0.843359 53.0 53.974976
0.84375 53.0 54.0
0.844141 53.0 54.025024
0.844531 53.0 54.049984
0.844922 53.0 54.075008
0.845313 53.0 54.100032
0.845703 53.0 54.124992
0.846094 53.0 54.150016
0.846484 53.0 54.174976
0.846875 53.0 54.2
0.847266 53.0 54.225024
0.847656 53.0 54.249984
0.848047 53.0 54.275008
0.848438 53.0 54.300032
0.848828 53.0 54.324992
0.849219 53.0 54.350016
0.849609 53.0 54.374976
0.85 53.0 54.4
0.850391 54.0 54.425024
0.850781 54.0 54.449984
0.851172 54.0 54.475008
0.851563 54.0 54.500032
0.851953 54.0 54.524992
0.852344 54.0 54.550016
0.852734 54.0 54.574976
0.853125 54.0 54.6
0.853516 54.0 54.625024
0.853906 54.0 54.649984
0.854297 54.0 54.675008
0.854688 54.0 54.700032
0.855078 54.0 54.724992
0.855469 54.0 54.750016
0.855859 54.0 54.774976
0.85625 54.0 54.8
0.856641 54.0 54.825024
0.857031 54.0 54.849984
0.857422 54.0 54.875008
0.857812 54.0 54.899968
0.858203 54.0 54.924992
0.858594 54.0 54.950016
0.858984 54.0 54.974976
0.859375 54.0 55.0
0.859766 54.0 55.025024
0.860156 54.0 55.049984
0.860547 54.0 55.075008
0.860938 54.0 55.100032
0.861328 54.0 55.124992
0.861719 54.0 55.150016
0.862109 54.0 55.174976
0.8625 54.0 55.2
0.862891 54.0 55.225024
0.863281 54.0 55.249984
0.863672 54.0 55.275008
0.864063 54.0 55.300032
0.864453 54.0 55.324992
0.864844 54.0 55.350016
0.865234 54.0 55.374976
0.865625 54.0 55.4
0.866016 55.0 55.425024
0.866406 55.0 55.449984
0.866797 55.0 55.475008
0.867188 55.0 55.500032
0.867578 55.0 55.524992
0.867969 55.0 55.550016
0.868359 55.0 55.574976
0.86875 55.0 55.6
0.869141 55.0 55.625024
0.869531 55.0 55.649984
0.869922 55.0 55.675008
0.870313 55.0 55.700032
0.870703 55.0 55.724992
0.871094 55.0 55.750016
0.871484 55.0 55.774976
0.871875 55.0 55.8
0.872266 55.0 55.825024
0.872656 55.0 55.849984
0.873047 55.0 55.875008
0.873438 55.0 55.900032
0.873828 55.0 55.924992
0.874219 55.0 55.950016
0.874609 55.0 55.974976
0.875 55.0 56.0
0.875391 55.0 56.025024
0.875781 55.0 56.049984
0.876172 55.0 56.075008
0.876563 55.0 56.100032
0.876953 55.0 56.124992
0.877344 55.0 56.150016
0.877734 55.0 56.174976
0.878125 55.0 56.2
0.878516 55.0 56.225024
0.878906 55.0 56.249984
0.879297 55.0 56.275008
0.879688 55.0 56.300032
0.880078 55.0 56.324992
0.880469 55.0 56.350016
0.880859 55.0 56.374976
0.88125 55.0 56.4
0.881641 56.0 56.425024
0.882031 56.0 56.449984
0.882422 56.0 56.475008
0.882813 56.0 56.500032
0.883203 56.0 56.524992
0.883594 56.0 56.550016
0.883984 56.0 56.574976
0.884375 56.0 56.6
0.884766 56.0 56.625024
0.885156 56.0 56.649984
0.885547 56.0 56.675008
0.885938 56.0 56.700032
0.886328 56.0 56.724992
0.886719 56.0 56.750016
0.887109 56.0 56.774976
0.8875 56.0 56.8
0.887891 56.0 56.825024
0.888281 56.0 56.849984
0.888672 56.0 56.875008
0.889063 56.0 56.900032
0.889453 56.0 56.924992
0.889844 56.0 56.950016
0.890234 56.0 56.974976
0.890625 56.0 57.0
0.891016 56.0 57.025024
0.891406 56.0 57.049984
0.891797 56.0 57.075008
0.892188 56.0 57.100032
0.892578 56.0 57.124992
0.892969 56.0 57.150016
0.893359 56.0 57.174976
0.89375 56.0 57.2
0.894141 56.0 57.225024
0.894531 56.0 57.249984
0.894922 56.0 57.275008
0.895313 56.0 57.300032
0.895703 56.0 57.324992
0.896094 56.0 57.350016
0.896484 56.0 57.374976
0.896875 56.0 57.4
0.897266 57.0 57.425024
0.897656 57.0 57.449984
0.898047 57.0 57.475008
0.898438 57.0 57.500032
0.898828 57.0 57.524992
0.899219 57.0 57.550016
0.899609 57.0 57.574976
0.9 57.0 57.6
0.900391 57.0 57.625024
0.900781 57.0 57.649984
0.901172 57.0 57.675008
0.901563 57.0 57.700032
0.901953 57.0 57.724992
0.902344 57.0 57.750016
0.902734 57.0 57.774976
0.903125 57.0 57.8
0.903516 57.0 57.825024
0.903906 57.0 57.849984
0.904297 57.0 57.875008
0.904688 57.0 57.900032
0.905078 57.0 57.924992
0.905469 57.0 57.950016
0.905859 57.0 57.974976
0.90625 57.0 58.0
0.906641 57.0 58.025024
0.907031 57.0 58.049984
0.907422 57.0 58.075008
0.907813 57.0 58.100032
0.908203 57.0 58.124992
0.908594 57.0 58.150016
0.908984 57.0 58.174976
0.909375 57.0 58.2
0.909766 57.0 58.225024
0.910156 57.0 58.249984
0.910547 57.0 58.275008
0.910938 57.0 58.300032
0.911328 57.0 58.324992
0.911719 57.0 58.350016
0.912109 57.0 58.374976
0.9125 57.0 58.4
0.912891 58.0 58.425024
0.913281 58.0 58.449984
0.913672 58.0 58.475008
0.914063 58.0 58.500032
0.914453 58.0 58.524992
0.914844 58.0 58.550016
0.915234 58.0 58.574976
0.915625 58.0 58.6
0.916016 58.0 58.625024
0.916406 58.0 58.649984
0.916797 58.0 58.675008
0.917188 58.0 58.700032
0.917578 58.0 58.724992
0.917969 58.0 58.750016
0.918359 58.0 58.774976
0.91875 58.0 58.8
0.919141 58.0 58.825024
0.919531 58.0 58.849984
0.919922 58.0 58.875008
0.920313 58.0 58.900032
0.920703 58.0 58.924992
0.921094 58.0 58.950016
0.921484 58.0 58.974976
0.921875 58.0 59.0
0.922266 58.0 59.025024
0.922656 58.0 59.049984
0.923047 58.0 59.075008
0.923438 58.0 59.100032
0.923828 58.0 59.124992
0.924219 58.0 59.150016
0.924609 58.0 59.174976
0.925 58.0 59.2
0.925391 58.0 59.225024
0.925781 58.0 59.249984
0.926172 58.0 59.275008
0.926563 58.0 59.300032
0.926953 58.0 59.324992
0.927344 58.0 59.350016
0.927734 58.0 59.374976
0.928125 58.0 59.4
0.928516 59.0 59.425024
0.928906 59.0 59.449984
0.929297 59.0 59.475008
0.929688 59.0 59.500032
0.930078 59.0 59.524992
0.930469 59.0 59.550016
0.930859 59.0 59.574976
0.93125 59.0 59.6
0.931641 59.0 59.625024
0.932031 59.0 59.649984
0.932422 59.0 59.675008
0.932813 59.0 59.700032
0.933203 59.0 59.724992
0.933594 59.0 59.750016
0.933984 59.0 59.774976
0.934375 59.0 59.8
0.934766 59.0 59.825024
0.935156 59.0 59.849984
0.935547 59.0 59.875008
0.935938 59.0 59.900032
0.936328 59.0 59.924992
0.936719 59.0 59.950016
0.937109 59.0 59.974976
0.9375 59.0 60.0
0.937891 59.0 60.025024
0.938281 59.0 60.049984
0.938672 59.0 60.075008
0.939063 59.0 60.100032
0.939453 59.0 60.124992
0.939844 59.0 60.150016
0.940234 59.0 60.174976
0.940625 59.0 60.2
0.941016 59.0 60.225024
0.941406 59.0 60.249984
0.941797 59.0 60.275008
0.942188 59.0 60.300032
0.942578 59.0 60.324992
0.942969 59.0 60.350016
0.943359 59.0 60.374976
0.94375 59.0 60.4
0.944141 60.0 60.425024
0.944531 60.0 60.449984
0.944922 60.0 60.475008
0.945313 60.0 60.500032
0.945703 60.0 60.524992
0.946094 60.0 60.550016
0.946484 60.0 60.574976
0.946875 60.0 60.6
0.947266 60.0 60.625024
0.947656 60.0 60.649984
0.948047 60.0 60.675008
0.948438 60.0 60.700032
0.948828 60.0 60.724992
0.949219 60.0 60.750016
0.949609 60.0 60.774976
0.95 60.0 60.8
0.950391 60.0 60.825024
0.950781 60.0 60.849984
0.951172 60.0 60.875008
0.951563 60.0 60.900032
0.951953 60.0 60.924992
0.952344 60.0 60.950016
0.952734 60.0 60.974976
0.953125 60.0 61.0
0.953516 60.0 61.025024
0.953906 60.0 61.049984
0.954297 60.0 61.075008
0.954688 60.0 61.100032
0.955078 60.0 61.124992
0.955469 60.0 61.150016
0.955859 60.0 61.174976
0.95625 60.0 61.2
0.956641 60.0 61.225024
0.957031 60.0 61.249984
0.957422 60.0 61.275008
0.957813 60.0 61.300032
0.958203 60.0 61.324992
0.958594 60.0 61.350016
0.958984 60.0 61.374976
0.959375 60.0 61.4
0.959766 61.0 61.425024
0.960156 61.0 61.449984
0.960547 61.0 61.475008
0.960938 61.0 61.500032
0.961328 61.0 61.524992
0.961719 61.0 61.550016
0.962109 61.0 61.574976
0.9625 61.0 61.6
0.962891 61.0 61.625024
0.963281 61.0 61.649984
0.963672 61.0 61.675008
0.964063 61.0 61.700032
0.964453 61.0 61.724992
0.964844 61.0 61.750016
0.965234 61.0 61.774976
0.965625 61.0 61.8
0.966016 61.0 61.825024
0.966406 61.0 61.849984
0.966797 61.0 61.875008
0.967188 61.0 61.900032
0.967578 61.0 61.924992
0.967969 61.0 61.950016
0.968359 61.0 61.974976
0.96875 61.0 62.0
0.969141 61.0 62.025024
0.969531 61.0 62.049984
0.969922 61.0 62.075008
0.970313 61.0 62.100032
0.970703 61.0 62.124992
0.971094 61.0 62.150016
0.971484 61.0 62.174976
0.971875 61.0 62.2
0.972266 61.0 62.225024
0.972656 61.0 62.249984
0.973047 61.0 62.275008
0.973438 61.0 62.300032
0.973828 61.0 62.324992
0.974219 61.0 62.350016
0.974609 61.0 62.374976
0.975 61.0 62.4
0.975391 62.0 62.425024
0.975781 62.0 62.449984
0.976172 62.0 62.475008
0.976563 62.0 62.500032
0.976953 62.0 62.524992
0.977344 62.0 62.550016
0.977734 62.0 62.574976
0.978125 62.0 62.6
0.978516 62.0 62.625024
0.978906 62.0 62.649984
0.979297 62.0 62.675008
0.979688 62.0 62.700032
0.980078 62.0 62.724992
0.980469 62.0 62.750016
0.980859 62.0 62.774976
0.98125 62.0 62.8
0.981641 62.0 62.825024
0.982031 62.0 62.849984
0.982422 62.0 62.875008
0.982813 62.0 62.900032
0.983203 62.0 62.924992
0.983594 62.0 62.950016
0.983984 62.0 62.974976
0.984375 62.0 63.0
0.984766 62.0 63.025024
0.985156 62.0 63.049984
0.985547 62.0 63.075008
0.985938 62.0 63.100032
0.986328 62.0 63.124992
0.986719 62.0 63.150016
0.987109 62.0 63.174976
0.9875 62.0 63.2
0.987891 62.0 63.225024
0.988281 62.0 63.249984
0.988672 62.0 63.275008
0.989063 62.0 63.300032
0.989453 62.0 63.324992
0.989844 62.0 63.350016
0.990234 62.0 63.374976
0.990625 62.0 63.4
0.991016 63.0 63.425024
0.991406 63.0 63.449984
0.991797 63.0 63.475008
0.992188 63.0 63.500032
0.992578 63.0 63.524992
0.992969 63.0 63.550016
0.993359 63.0 63.574976
0.99375 63.0 63.6
0.994141 63.0 63.625024
0.994531 63.0 63.649984
0.994922 63.0 63.675008
0.995313 63.0 63.700032
0.995703 63.0 63.724992
0.996094 63.0 63.750016
0.996484 63.0 63.774976
0.996875 63.0 63.8
0.997266 63.0 63.825024
0.997656 63.0 63.849984
0.998047 63.0 63.875008
0.998438 63.0 63.900032
0.998828 63.0 63.924992
0.999219 63.0 63.950016
0.999609 63.0 63.974976
