0.015625 0.0 0.015625
0.0160156 0.0 0.0160156
0.0164063 0.0 0.0164063
0.0167969 0.0 0.0167969
0.0171875 0.0 0.0171875
0.0175781 0.0 0.0175781
0.0179688 0.0 0.0179688
0.0183594 0.0 0.0183594
0.01875 0.0 0.01875
0.0191406 0.0 0.0191406
0.0195313 0.0 0.0195313
0.0199219 0.0 0.0199219
0.0203125 0.0 0.0203125
0.0207031 0.0 0.0207031
0.0210938 0.0 0.0210938
0.0214844 0.0 0.0214844
0.021875 0.0 0.021875
0.0222656 0.0 0.0222656
0.0226563 0.0 0.0226563
0.0230469 0.0 0.0230469
0.0234375 0.0 0.0234375
0.0238281 0.0 0.0238281
0.0242188 0.0 0.0242188
0.0246094 0.0 0.0246094
0.025 0.0 0.025
0.0253906 0.0 0.0253906
0.0257813 0.0 0.0257813
0.0261719 0.0 0.0261719
0.0265625 0.0 0.0265625
0.0269531 0.0 0.0269531
0.0273438 0.0 0.0273438
0.0277344 0.0 0.0277344
0.028125 0.0 0.028125
0.0285156 0.0 0.0285156
0.0289063 0.0 0.0289063
0.0292969 0.0 0.0292969
0.0296875 0.0 0.0296875
0.0300781 0.015873 0.0300781
0.0304688 0.015873 0.0304688
0.0308594 0.015873 0.0308594
0.03125 0.015873 0.03125
0.0316406 0.015873 0.0316406
0.0320313 0.015873 0.0320313
0.0324219 0.015873 0.0324219
0.0328125 0.015873 0.0328125
0.0332031 0.015873 0.0332031
0.0335938 0.015873 0.0335938
0.0339844 0.015873 0.0339844
0.034375 0.015873 0.034375
0.0347656 0.015873 0.0347656
0.0351563 0.015873 0.0351563
0.0355469 0.015873 0.0355469
0.0359375 0.015873 0.0359375
0.0363281 0.015873 0.0363281
0.0367188 0.015873 0.0367188
0.0371094 0.015873 0.0371094
0.0375 0.015873 0.0375
0.0378906 0.015873 0.0378906
0.0382813 0.015873 0.0382813
0.0386719 0.015873 0.0386719
0.0390625 0.015873 0.0390625
0.0394531 0.015873 0.0394531
0.0398438 0.015873 0.0398438
0.0402344 0.015873 0.0402344
0.040625 0.015873 0.040625
0.0410156 0.015873 0.0410156
0.0414062 0.015873 0.0414062
0.0417969 0.015873 0.0417969
0.0421875 0.015873 0.0421875
0.0425781 0.015873 0.0425781
0.0429688 0.015873 0.0429688
0.0433594 0.015873 0.0433594
0.04375 0.015873 0.04375
0.0441406 0.015873 0.0441406
0.0445313 0.015873 0.0445313
0.0449219 0.015873 0.0449219
0.0453125 0.015873 0.0453125
0.0457031 0.031746 0.0457031
0.0460938 0.031746 0.0460938
0.0464844 0.031746 0.0464844
0.046875 0.031746 0.046875
0.0472656 0.031746 0.0472656
0.0476563 0.031746 0.0476563
0.0480469 0.031746 0.0480469
0.0484375 0.031746 0.0484375
0.0488281 0.031746 0.0488281
0.0492188 0.031746 0.0492188
0.0496094 0.031746 0.0496094
0.05 0.031746 0.05
0.0503906 0.031746 0.0503906
0.0507813 0.031746 0.0507813
0.0511719 0.031746 0.0511719
0.0515625 0.031746 0.0515625
0.0519531 0.031746 0.0519531
0.0523438 0.031746 0.0523438
0.0527344 0.031746 0.0527344
0.053125 0.031746 0.053125
0.0535156 0.031746 0.0535156
0.0539063 0.031746 0.0539063
0.0542969 0.031746 0.0542969
0.0546875 0.031746 0.0546875
0.0550781 0.031746 0.0550781
0.0554688 0.031746 0.0554688
0.0558594 0.031746 0.0558594
0.05625 0.031746 0.05625
0.0566406 0.031746 0.0566406
0.0570313 0.031746 0.0570313
0.0574219 0.031746 0.0574219
0.0578125 0.031746 0.0578125
0.0582031 0.031746 0.0582031
0.0585938 0.031746 0.0585938
0.0589844 0.031746 0.0589844
0.059375 0.031746 0.059375
0.0597656 0.031746 0.0597656
0.0601563 0.031746 0.0601563
0.0605469 0.031746 0.0605469
0.0609375 0.031746 0.0609375
0.0613281 0.047619 0.0613281
0.0617188 0.047619 0.0617188
0.0621094 0.047619 0.0621094
0.0625 0.047619 0.0625
0.0628906 0.047619 0.0628906
0.0632813 0.047619 0.0632813
0.0636719 0.047619 0.0636719
0.0640625 0.047619 0.0640625
0.0644531 0.047619 0.0644531
0.0648438 0.047619 0.0648438
0.0652344 0.047619 0.0652344
0.065625 0.047619 0.065625
0.0660156 0.047619 0.0660156
0.0664063 0.047619 0.0664063
0.0667969 0.047619 0.0667969
0.0671875 0.047619 0.0671875
0.0675781 0.047619 0.0675781
0.0679687 0.047619 0.0679687
0.0683594 0.047619 0.0683594
0.06875 0.047619 0.06875
0.0691406 0.047619 0.0691406
0.0695313 0.047619 0.0695313
0.0699219 0.047619 0.0699219
0.0703125 0.047619 0.0703125
0.0707031 0.047619 0.0707031
0.0710938 0.047619 0.0710938
0.0714844 0.047619 0.0714844
0.071875 0.047619 0.071875
0.0722656 0.047619 0.0722656
0.0726563 0.047619 0.0726563
0.0730469 0.047619 0.0730469
0.0734375 0.047619 0.0734375
0.0738281 0.047619 0.0738281
0.0742188 0.047619 0.0742188
0.0746094 0.047619 0.0746094
0.075 0.047619 0.075
0.0753906 0.047619 0.0753906
0.0757813 0.047619 0.0757813
0.0761719 0.047619 0.0761719
0.0765625 0.047619 0.0765625
0.0769531 0.0634921 0.0769531
0.0773438 0.0634921 0.0773438
0.0777344 0.0634921 0.0777344
0.078125 0.0634921 0.078125
0.0785156 0.0634921 0.0785156
0.0789063 0.0634921 0.0789063
0.0792969 0.0634921 0.0792969
0.0796875 0.0634921 0.0796875
0.0800781 0.0634921 0.0800781
0.0804688 0.0634921 0.0804688
0.0808594 0.0634921 0.0808594
0.08125 0.0634921 0.08125
0.0816406 0.0634921 0.0816406
0.0820313 0.0634921 0.0820313
0.0824219 0.0634921 0.0824219
0.0828125 0.0634921 0.0828125
0.0832031 0.0634921 0.0832031
0.0835938 0.0634921 0.0835938
0.0839844 0.0634921 0.0839844
0.084375 0.0634921 0.084375
0.0847656 0.0634921 0.0847656
0.0851563 0.0634921 0.0851563
0.0855469 0.0634921 0.0855469
0.0859375 0.0634921 0.0859375
0.0863281 0.0634921 0.0863281
0.0867188 0.0634921 0.0867188
0.0871094 0.0634921 0.0871094
0.0875 0.0634921 0.0875
0.0878906 0.0634921 0.0878906
0.0882813 0.0634921 0.0882813
0.0886719 0.0634921 0.0886719
0.0890625 0.0634921 0.0890625
0.0894531 0.0634921 0.0894531
0.0898438 0.0634921 0.0898438
0.0902344 0.0634921 0.0902344
0.090625 0.0634921 0.090625
0.0910156 0.0634921 0.0910156
0.0914063 0.0634921 0.0914063
0.0917969 0.0634921 0.0917969
0.0921875 0.0634921 0.0921875
0.0925781 0.0793651 0.0925781
0.0929688 0.0793651 0.0929688
0.0933594 0.0793651 0.0933594
0.09375 0.0793651 0.09375
0.0941406 0.0793651 0.0941406
0.0945313 0.0793651 0.0945313
0.0949219 0.0793651 0.0949219
0.0953125 0.0793651 0.0953125
0.0957031 0.0793651 0.0957031
0.0960938 0.0793651 0.0960938
0.0964844 0.0793651 0.0964844
0.096875 0.0793651 0.096875
0.0972656 0.0793651 0.0972656
0.0976563 0.0793651 0.0976563
0.0980469 0.0793651 0.0980469
0.0984375 0.0793651 0.0984375
0.0988281 0.0793651 0.0988281
0.0992188 0.0793651 0.0992188
0.0996094 0.0793651 0.0996094
0.1 0.0793651 0.1
0.100391 0.0793651 0.100391
0.100781 0.0793651 0.100781
0.101172 0.0793651 0.101172
0.101563 0.0793651 0.101563
0.101953 0.0793651 0.101953
0.102344 0.0793651 0.102344
0.102734 0.0793651 0.102734
0.103125 0.0793651 0.103125
0.103516 0.0793651 0.103516
0.103906 0.0793651 0.103906
0.104297 0.0793651 0.104297
0.104688 0.0793651 0.104688
0.105078 0.0793651 0.105078
0.105469 0.0793651 0.105469
0.105859 0.0793651 0.105859
0.10625 0.0793651 0.10625
0.106641 0.0793651 0.106641
0.107031 0.0793651 0.107031
0.107422 0.0793651 0.107422
0.107813 0.0793651 0.107813
0.108203 0.0952381 0.108203
0.108594 0.0952381 0.108594
0.108984 0.0952381 0.108984
0.109375 0.0952381 0.109375
0.109766 0.0952381 0.109766
0.110156 0.0952381 0.110156
0.110547 0.0952381 0.110547
0.110938 0.0952381 0.110938
0.111328 0.0952381 0.111328
0.111719 0.0952381 0.111719
0.112109 0.0952381 0.112109
0.1125 0.0952381 0.1125
0.112891 0.0952381 0.112891
0.113281 0.0952381 0.113281
0.113672 0.0952381 0.113672
0.114063 0.0952381 0.114063
0.114453 0.0952381 0.114453
0.114844 0.0952381 0.114844
0.115234 0.0952381 0.115234
0.115625 0.0952381 0.115625
0.116016 0.0952381 0.116016
0.116406 0.0952381 0.116406
0.116797 0.0952381 0.116797
0.117188 0.0952381 0.117188
0.117578 0.0952381 0.117578
0.117969 0.0952381 0.117969
0.118359 0.0952381 0.118359
0.11875 0.0952381 0.11875
0.119141 0.0952381 0.119141
0.119531 0.0952381 0.119531
0.119922 0.0952381 0.119922
0.120313 0.0952381 0.120313
0.120703 0.0952381 0.120703
0.121094 0.0952381 0.121094
0.121484 0.0952381 0.121484
0.121875 0.0952381 0.121875
0.122266 0.0952381 0.122266
0.122656 0.0952381 0.122656
0.123047 0.0952381 0.123047
0.123438 0.0952381 0.123438
0.123828 0.111111 0.123828
0.124219 0.111111 0.124219
0.124609 0.111111 0.124609
0.125 0.111111 0.125
0.125391 0.111111 0.125391
0.125781 0.111111 0.125781
0.126172 0.111111 0.126172
0.126563 0.111111 0.126563
0.126953 0.111111 0.126953
0.127344 0.111111 0.127344
0.127734 0.111111 0.127734
0.128125 0.111111 0.128125
0.128516 0.111111 0.128516
0.128906 0.111111 0.128906
0.129297 0.111111 0.129297
0.129688 0.111111 0.129688
0.130078 0.111111 0.130078
0.130469 0.111111 0.130469
0.130859 0.111111 0.130859
0.13125 0.111111 0.13125
0.131641 0.111111 0.131641
0.132031 0.111111 0.132031
0.132422 0.111111 0.132422
0.132813 0.111111 0.132813
0.133203 0.111111 0.133203
0.133594 0.111111 0.133594
0.133984 0.111111 0.133984
0.134375 0.111111 0.134375
0.134766 0.111111 0.134766
0.135156 0.111111 0.135156
0.135547 0.111111 0.135547
0.135937 0.111111 0.135937
0.136328 0.111111 0.136328
0.136719 0.111111 0.136719
0.137109 0.111111 0.137109
0.1375 0.111111 0.1375
0.137891 0.111111 0.137891
0.138281 0.111111 0.138281
0.138672 0.111111 0.138672
0.139063 0.111111 0.139063
0.139453 0.126984 0.139453
0.139844 0.126984 0.139844
0.140234 0.126984 0.140234
0.140625 0.126984 0.140625
0.141016 0.126984 0.141016
0.141406 0.126984 0.141406
0.141797 0.126984 0.141797
0.142188 0.126984 0.142188
0.142578 0.126984 0.142578
0.142969 0.126984 0.142969
0.143359 0.126984 0.143359
0.14375 0.126984 0.14375
0.144141 0.126984 0.144141
0.144531 0.126984 0.144531
0.144922 0.126984 0.144922
0.145313 0.126984 0.145313
0.145703 0.126984 0.145703
0.146094 0.126984 0.146094
0.146484 0.126984 0.146484
0.146875 0.126984 0.146875
0.147266 0.126984 0.147266
0.147656 0.126984 0.147656
0.148047 0.126984 0.148047
0.148438 0.126984 0.148438
0.148828 0.126984 0.148828
0.149219 0.126984 0.149219
0.149609 0.126984 0.149609
0.15 0.126984 0.15
0.150391 0.126984 0.150391
0.150781 0.126984 0.150781
0.151172 0.126984 0.151172
0.151563 0.126984 0.151563
0.151953 0.126984 0.151953
0.152344 0.126984 0.152344
0.152734 0.126984 0.152734
0.153125 0.126984 0.153125
0.153516 0.126984 0.153516
0.153906 0.126984 0.153906
0.154297 0.126984 0.154297
0.154688 0.126984 0.154688
0.155078 0.142857 0.155078
0.155469 0.142857 0.155469
0.155859 0.142857 0.155859
0.15625 0.142857 0.15625
0.156641 0.142857 0.156641
0.157031 0.142857 0.157031
0.157422 0.142857 0.157422
0.157813 0.142857 0.157813
0.158203 0.142857 0.158203
0.158594 0.142857 0.158594
0.158984 0.142857 0.158984
0.159375 0.142857 0.159375
0.159766 0.142857 0.159766
0.160156 0.142857 0.160156
0.160547 0.142857 0.160547
0.160938 0.142857 0.160938
0.161328 0.142857 0.161328
0.161719 0.142857 0.161719
0.162109 0.142857 0.162109
0.1625 0.142857 0.1625
0.162891 0.142857 0.162891
0.163281 0.142857 0.163281
0.163672 0.142857 0.163672
0.164063 0.142857 0.164063
0.164453 0.142857 0.164453
0.164844 0.142857 0.164844
0.165234 0.142857 0.165234
0.165625 0.142857 0.165625
0.166016 0.142857 0.166016
0.166406 0.142857 0.166406
0.166797 0.142857 0.166797
0.167188 0.142857 0.167188
0.167578 0.142857 0.167578
0.167969 0.142857 0.167969
0.168359 0.142857 0.168359
0.16875 0.142857 0.16875
0.169141 0.142857 0.169141
0.169531 0.142857 0.169531
0.169922 0.142857 0.169922
0.170313 0.142857 0.170313
0.170703 0.15873 0.170703
0.171094 0.15873 0.171094
0.171484 0.15873 0.171484
0.171875 0.15873 0.171875
0.172266 0.15873 0.172266
0.172656 0.15873 0.172656
0.173047 0.15873 0.173047
0.173438 0.15873 0.173438
0.173828 0.15873 0.173828
0.174219 0.15873 0.174219
0.174609 0.15873 0.174609
0.175 0.15873 0.175
0.175391 0.15873 0.175391
0.175781 0.15873 0.175781
0.176172 0.15873 0.176172
0.176563 0.15873 0.176563
0.176953 0.15873 0.176953
0.177344 0.15873 0.177344
0.177734 0.15873 0.177734
0.178125 0.15873 0.178125
0.178516 0.15873 0.178516
0.178906 0.15873 0.178906
0.179297 0.15873 0.179297
0.179688 0.15873 0.179688
0.180078 0.15873 0.180078
0.180469 0.15873 0.180469
0.180859 0.15873 0.180859
0.18125 0.15873 0.18125
0.181641 0.15873 0.181641
0.182031 0.15873 0.182031
0.182422 0.15873 0.182422
0.182813 0.15873 0.182813
0.183203 0.15873 0.183203
0.183594 0.15873 0.183594
0.183984 0.15873 0.183984
0.184375 0.15873 0.184375
0.184766 0.15873 0.184766
0.185156 0.15873 0.185156
0.185547 0.15873 0.185547
0.185938 0.15873 0.185938
0.186328 0.174603 0.186328
0.186719 0.174603 0.186719
0.187109 0.174603 0.187109
0.1875 0.174603 0.1875
0.187891 0.174603 0.187891
0.188281 0.174603 0.188281
0.188672 0.174603 0.188672
0.189063 0.174603 0.189063
0.189453 0.174603 0.189453
0.189844 0.174603 0.189844
0.190234 0.174603 0.190234
0.190625 0.174603 0.190625
0.191016 0.174603 0.191016
0.191406 0.174603 0.191406
0.191797 0.174603 0.191797
0.192188 0.174603 0.192188
0.192578 0.174603 0.192578
0.192969 0.174603 0.192969
0.193359 0.174603 0.193359
0.19375 0.174603 0.19375
0.194141 0.174603 0.194141
0.194531 0.174603 0.194531
0.194922 0.174603 0.194922
0.195313 0.174603 0.195313
0.195703 0.174603 0.195703
0.196094 0.174603 0.196094
0.196484 0.174603 0.196484
0.196875 0.174603 0.196875
0.197266 0.174603 0.197266
0.197656 0.174603 0.197656
0.198047 0.174603 0.198047
0.198438 0.174603 0.198438
0.198828 0.174603 0.198828
0.199219 0.174603 0.199219
0.199609 0.174603 0.199609
0.2 0.174603 0.2
0.200391 0.174603 0.200391
0.200781 0.174603 0.200781
0.201172 0.174603 0.201172
0.201563 0.174603 0.201563
0.201953 0.190476 0.201953
0.202344 0.190476 0.202344
0.202734 0.190476 0.202734
0.203125 0.190476 0.203125
0.203516 0.190476 0.203516
0.203906 0.190476 0.203906
0.204297 0.190476 0.204297
0.204688 0.190476 0.204688
0.205078 0.190476 0.205078
0.205469 0.190476 0.205469
0.205859 0.190476 0.205859
0.20625 0.190476 0.20625
0.206641 0.190476 0.206641
0.207031 0.190476 0.207031
0.207422 0.190476 0.207422
0.207813 0.190476 0.207813
0.208203 0.190476 0.208203
0.208594 0.190476 0.208594
0.208984 0.190476 0.208984
0.209375 0.190476 0.209375
0.209766 0.190476 0.209766
0.210156 0.190476 0.210156
0.210547 0.190476 0.210547
0.210938 0.190476 0.210938
0.211328 0.190476 0.211328
0.211719 0.190476 0.211719
0.212109 0.190476 0.212109
0.2125 0.190476 0.2125
0.212891 0.190476 0.212891
0.213281 0.190476 0.213281
0.213672 0.190476 0.213672
0.214063 0.190476 0.214063
0.214453 0.190476 0.214453
0.214844 0.190476 0.214844
0.215234 0.190476 0.215234
0.215625 0.190476 0.215625
0.216016 0.190476 0.216016
0.216406 0.190476 0.216406
0.216797 0.190476 0.216797
0.217188 0.190476 0.217188
0.217578 0.206349 0.217578
0.217969 0.206349 0.217969
0.218359 0.206349 0.218359
0.21875 0.206349 0.21875
0.219141 0.206349 0.219141
0.219531 0.206349 0.219531
0.219922 0.206349 0.219922
0.220313 0.206349 0.220313
0.220703 0.206349 0.220703
0.221094 0.206349 0.221094
0.221484 0.206349 0.221484
0.221875 0.206349 0.221875
0.222266 0.206349 0.222266
0.222656 0.206349 0.222656
0.223047 0.206349 0.223047
0.223438 0.206349 0.223438
0.223828 0.206349 0.223828
0.224219 0.206349 0.224219
0.224609 0.206349 0.224609
0.225 0.206349 0.225
0.225391 0.206349 0.225391
0.225781 0.206349 0.225781
0.226172 0.206349 0.226172
0.226563 0.206349 0.226563
0.226953 0.206349 0.226953
0.227344 0.206349 0.227344
0.227734 0.206349 0.227734
0.228125 0.206349 0.228125
0.228516 0.206349 0.228516
0.228906 0.206349 0.228906
0.229297 0.206349 0.229297
0.229688 0.206349 0.229688
0.230078 0.206349 0.230078
0.230469 0.206349 0.230469
0.230859 0.206349 0.230859
0.23125 0.206349 0.23125
0.231641 0.206349 0.231641
0.232031 0.206349 0.232031
0.232422 0.206349 0.232422
0.232813 0.206349 0.232813
0.233203 0.222222 0.233203
0.233594 0.222222 0.233594
0.233984 0.222222 0.233984
0.234375 0.222222 0.234375
0.234766 0.222222 0.234766
0.235156 0.222222 0.235156
0.235547 0.222222 0.235547
0.235938 0.222222 0.235938
0.236328 0.222222 0.236328
0.236719 0.222222 0.236719
0.237109 0.222222 0.237109
0.2375 0.222222 0.2375
0.237891 0.222222 0.237891
0.238281 0.222222 0.238281
0.238672 0.222222 0.238672
0.239063 0.222222 0.239063
0.239453 0.222222 0.239453
0.239844 0.222222 0.239844
0.240234 0.222222 0.240234
0.240625 0.222222 0.240625
0.241016 0.222222 0.241016
0.241406 0.222222 0.241406
0.241797 0.222222 0.241797
0.242188 0.222222 0.242188
0.242578 0.222222 0.242578
0.242969 0.222222 0.242969
0.243359 0.222222 0.243359
0.24375 0.222222 0.24375
0.244141 0.222222 0.244141
0.244531 0.222222 0.244531
0.244922 0.222222 0.244922
0.245313 0.222222 0.245313
0.245703 0.222222 0.245703
0.246094 0.222222 0.246094
0.246484 0.222222 0.246484
0.246875 0.222222 0.246875
0.247266 0.222222 0.247266
0.247656 0.222222 0.247656
0.248047 0.222222 0.248047
0.248438 0.222222 0.248438
0.248828 0.238095 0.248828
0.249219 0.238095 0.249219
0.249609 0.238095 0.249609
0.25 0.238095 0.25
0.250391 0.238095 0.250391
0.250781 0.238095 0.250781
0.251172 0.238095 0.251172
0.251563 0.238095 0.251563
0.251953 0.238095 0.251953
0.252344 0.238095 0.252344
0.252734 0.238095 0.252734
0.253125 0.238095 0.253125
0.253516 0.238095 0.253516
0.253906 0.238095 0.253906
0.254297 0.238095 0.254297
0.254688 0.238095 0.254688
0.255078 0.238095 0.255078
0.255469 0.238095 0.255469
0.255859 0.238095 0.255859
0.25625 0.238095 0.25625
0.256641 0.238095 0.256641
0.257031 0.238095 0.257031
0.257422 0.238095 0.257422
0.257813 0.238095 0.257813
0.258203 0.238095 0.258203
0.258594 0.238095 0.258594
0.258984 0.238095 0.258984
0.259375 0.238095 0.259375
0.259766 0.238095 0.259766
0.260156 0.238095 0.260156
0.260547 0.238095 0.260547
0.260938 0.238095 0.260938
0.261328 0.238095 0.261328
0.261719 0.238095 0.261719
0.262109 0.238095 0.262109
0.2625 0.238095 0.2625
0.262891 0.238095 0.262891
0.263281 0.238095 0.263281
0.263672 0.238095 0.263672
0.264063 0.238095 0.264063
0.264453 0.253968 0.264453
0.264844 0.253968 0.264844
0.265234 0.253968 0.265234
0.265625 0.253968 0.265625
0.266016 0.253968 0.266016
0.266406 0.253968 0.266406
0.266797 0.253968 0.266797
0.267188 0.253968 0.267188
0.267578 0.253968 0.267578
0.267969 0.253968 0.267969
0.268359 0.253968 0.268359
0.26875 0.253968 0.26875
0.269141 0.253968 0.269141
0.269531 0.253968 0.269531
0.269922 0.253968 0.269922
0.270313 0.253968 0.270313
0.270703 0.253968 0.270703
0.271094 0.253968 0.271094
0.271484 0.253968 0.271484
0.271875 0.253968 0.271875
0.272266 0.253968 0.272266
0.272656 0.253968 0.272656
0.273047 0.253968 0.273047
0.273438 0.253968 0.273438
0.273828 0.253968 0.273828
0.274219 0.253968 0.274219
0.274609 0.253968 0.274609
0.275 0.253968 0.275
0.275391 0.253968 0.275391
0.275781 0.253968 0.275781
0.276172 0.253968 0.276172
0.276563 0.253968 0.276563
0.276953 0.253968 0.276953
0.277344 0.253968 0.277344
0.277734 0.253968 0.277734
0.278125 0.253968 0.278125
0.278516 0.253968 0.278516
0.278906 0.253968 0.278906
0.279297 0.253968 0.279297
0.279688 0.253968 0.279688
0.280078 0.269841 0.280078
0.280469 0.269841 0.280469
0.280859 0.269841 0.280859
0.28125 0.269841 0.28125
0.281641 0.269841 0.281641
0.282031 0.269841 0.282031
0.282422 0.269841 0.282422
0.282813 0.269841 0.282813
0.283203 0.269841 0.283203
0.283594 0.269841 0.283594
0.283984 0.269841 0.283984
0.284375 0.269841 0.284375
0.284766 0.269841 0.284766
0.285156 0.269841 0.285156
0.285547 0.269841 0.285547
0.285938 0.269841 0.285938
0.286328 0.269841 0.286328
0.286719 0.269841 0.286719
0.287109 0.269841 0.287109
0.2875 0.269841 0.2875
0.287891 0.269841 0.287891
0.288281 0.269841 0.288281
0.288672 0.269841 0.288672
0.289063 0.269841 0.289063
0.289453 0.269841 0.289453
0.289844 0.269841 0.289844
0.290234 0.269841 0.290234
0.290625 0.269841 0.290625
0.291016 0.269841 0.291016
0.291406 0.269841 0.291406
0.291797 0.269841 0.291797
0.292188 0.269841 0.292188
0.292578 0.269841 0.292578
0.292969 0.269841 0.292969
0.293359 0.269841 0.293359
0.29375 0.269841 0.29375
0.294141 0.269841 0.294141
0.294531 0.269841 0.294531
0.294922 0.269841 0.294922
0.295313 0.269841 0.295313
0.295703 0.285714 0.295703
0.296094 0.285714 0.296094
0.296484 0.285714 0.296484
0.296875 0.285714 0.296875
0.297266 0.285714 0.297266
0.297656 0.285714 0.297656
0.298047 0.285714 0.298047
0.298438 0.285714 0.298438
0.298828 0.285714 0.298828
0.299219 0.285714 0.299219
0.299609 0.285714 0.299609
0.3 0.285714 0.3
0.300391 0.285714 0.300391
0.300781 0.285714 0.300781
0.301172 0.285714 0.301172
0.301563 0.285714 0.301563
0.301953 0.285714 0.301953
0.302344 0.285714 0.302344
0.302734 0.285714 0.302734
0.303125 0.285714 0.303125
0.303516 0.285714 0.303516
0.303906 0.285714 0.303906
0.304297 0.285714 0.304297
0.304688 0.285714 0.304688
0.305078 0.285714 0.305078
0.305469 0.285714 0.305469
0.305859 0.285714 0.305859
0.30625 0.285714 0.30625
0.306641 0.285714 0.306641
0.307031 0.285714 0.307031
0.307422 0.285714 0.307422
0.307813 0.285714 0.307813
0.308203 0.285714 0.308203
0.308594 0.285714 0.308594
0.308984 0.285714 0.308984
0.309375 0.285714 0.309375
0.309766 0.285714 0.309766
0.310156 0.285714 0.310156
0.310547 0.285714 0.310547
0.310938 0.285714 0.310938
0.311328 0.301587 0.311328
0.311719 0.301587 0.311719
0.312109 0.301587 0.312109
0.3125 0.301587 0.3125
0.312891 0.301587 0.312891
0.313281 0.301587 0.313281
0.313672 0.301587 0.313672
0.314063 0.301587 0.314063
0.314453 0.301587 0.314453
0.314844 0.301587 0.314844
0.315234 0.301587 0.315234
0.315625 0.301587 0.315625
0.316016 0.301587 0.316016
0.316406 0.301587 0.316406
0.316797 0.301587 0.316797
0.317188 0.301587 0.317188
0.317578 0.301587 0.317578
0.317969 0.301587 0.317969
0.318359 0.301587 0.318359
0.31875 0.301587 0.31875
0.319141 0.301587 0.319141
0.319531 0.301587 0.319531
0.319922 0.301587 0.319922
0.320313 0.301587 0.320313
0.320703 0.301587 0.320703
0.321094 0.301587 0.321094
0.321484 0.301587 0.321484
0.321875 0.301587 0.321875
0.322266 0.301587 0.322266
0.322656 0.301587 0.322656
0.323047 0.301587 0.323047
0.323437 0.301587 0.323437
0.323828 0.301587 0.323828
0.324219 0.301587 0.324219
0.324609 0.301587 0.324609
0.325 0.301587 0.325
0.325391 0.301587 0.325391
0.325781 0.301587 0.325781
0.326172 0.301587 0.326172
0.326563 0.301587 0.326563
0.326953 0.31746 0.326953
0.327344 0.31746 0.327344
0.327734 0.31746 0.327734
0.328125 0.31746 0.328125
0.328516 0.31746 0.328516
0.328906 0.31746 0.328906
0.329297 0.31746 0.329297
0.329688 0.31746 0.329688
0.330078 0.31746 0.330078
0.330469 0.31746 0.330469
0.330859 0.31746 0.330859
0.33125 0.31746 0.33125
0.331641 0.31746 0.331641
0.332031 0.31746 0.332031
0.332422 0.31746 0.332422
0.332813 0.31746 0.332813
0.333203 0.31746 0.333203
0.333594 0.31746 0.333594
0.333984 0.31746 0.333984
0.334375 0.31746 0.334375
0.334766 0.31746 0.334766
0.335156 0.31746 0.335156
0.335547 0.31746 0.335547
0.335938 0.31746 0.335938
0.336328 0.31746 0.336328
0.336719 0.31746 0.336719
0.337109 0.31746 0.337109
0.3375 0.31746 0.3375
0.337891 0.31746 0.337891
0.338281 0.31746 0.338281
0.338672 0.31746 0.338672
0.339062 0.31746 0.339062
0.339453 0.31746 0.339453
0.339844 0.31746 0.339844
0.340234 0.31746 0.340234
0.340625 0.31746 0.340625
0.341016 0.31746 0.341016
0.341406 0.31746 0.341406
0.341797 0.31746 0.341797
0.342188 0.31746 0.342188
0.342578 0.333333 0.342578
0.342969 0.333333 0.342969
0.343359 0.333333 0.343359
0.34375 0.333333 0.34375
0.344141 0.333333 0.344141
0.344531 0.333333 0.344531
0.344922 0.333333 0.344922
0.345313 0.333333 0.345313
0.345703 0.333333 0.345703
0.346094 0.333333 0.346094
0.346484 0.333333 0.346484
0.346875 0.333333 0.346875
0.347266 0.333333 0.347266
0.347656 0.333333 0.347656
0.348047 0.333333 0.348047
0.348438 0.333333 0.348438
0.348828 0.333333 0.348828
0.349219 0.333333 0.349219
0.349609 0.333333 0.349609
0.35 0.333333 0.35
0.350391 0.333333 0.350391
0.350781 0.333333 0.350781
0.351172 0.333333 0.351172
0.351563 0.333333 0.351563
0.351953 0.333333 0.351953
0.352344 0.333333 0.352344
0.352734 0.333333 0.352734
0.353125 0.333333 0.353125
0.353516 0.333333 0.353516
0.353906 0.333333 0.353906
0.354297 0.333333 0.354297
0.354688 0.333333 0.354688
0.355078 0.333333 0.355078
0.355469 0.333333 0.355469
0.355859 0.333333 0.355859
0.35625 0.333333 0.35625
0.356641 0.333333 0.356641
0.357031 0.333333 0.357031
0.357422 0.333333 0.357422
0.357813 0.333333 0.357813
0.358203 0.349206 0.358203
0.358594 0.349206 0.358594
0.358984 0.349206 0.358984
0.359375 0.349206 0.359375
0.359766 0.349206 0.359766
0.360156 0.349206 0.360156
0.360547 0.349206 0.360547
0.360938 0.349206 0.360938
0.361328 0.349206 0.361328
0.361719 0.349206 0.361719
0.362109 0.349206 0.362109
0.3625 0.349206 0.3625
0.362891 0.349206 0.362891
0.363281 0.349206 0.363281
0.363672 0.349206 0.363672
0.364063 0.349206 0.364063
0.364453 0.349206 0.364453
0.364844 0.349206 0.364844
0.365234 0.349206 0.365234
0.365625 0.349206 0.365625
0.366016 0.349206 0.366016
0.366406 0.349206 0.366406
0.366797 0.349206 0.366797
0.367188 0.349206 0.367188
0.367578 0.349206 0.367578
0.367969 0.349206 0.367969
0.368359 0.349206 0.368359
0.36875 0.349206 0.36875
0.369141 0.349206 0.369141
0.369531 0.349206 0.369531
0.369922 0.349206 0.369922
0.370313 0.349206 0.370313
0.370703 0.349206 0.370703
0.371094 0.349206 0.371094
0.371484 0.349206 0.371484
0.371875 0.349206 0.371875
0.372266 0.349206 0.372266
0.372656 0.349206 0.372656
0.373047 0.349206 0.373047
0.373438 0.349206 0.373438
0.373828 0.365079 0.373828
0.374219 0.365079 0.374219
0.374609 0.365079 0.374609
0.375 0.365079 0.375
0.375391 0.365079 0.375391
0.375781 0.365079 0.375781
0.376172 0.365079 0.376172
0.376563 0.365079 0.376563
0.376953 0.365079 0.376953
0.377344 0.365079 0.377344
0.377734 0.365079 0.377734
0.378125 0.365079 0.378125
0.378516 0.365079 0.378516
0.378906 0.365079 0.378906
0.379297 0.365079 0.379297
0.379688 0.365079 0.379688
0.380078 0.365079 0.380078
0.380469 0.365079 0.380469
0.380859 0.365079 0.380859
0.38125 0.365079 0.38125
0.381641 0.365079 0.381641
0.382031 0.365079 0.382031
0.382422 0.365079 0.382422
0.382813 0.365079 0.382813
0.383203 0.365079 0.383203
0.383594 0.365079 0.383594
0.383984 0.365079 0.383984
0.384375 0.365079 0.384375
0.384766 0.365079 0.384766
0.385156 0.365079 0.385156
0.385547 0.365079 0.385547
0.385938 0.365079 0.385938
0.386328 0.365079 0.386328
0.386719 0.365079 0.386719
0.387109 0.365079 0.387109
0.3875 0.365079 0.3875
0.387891 0.365079 0.387891
0.388281 0.365079 0.388281
0.388672 0.365079 0.388672
0.389063 0.365079 0.389063
0.389453 0.380952 0.389453
0.389844 0.380952 0.389844
0.390234 0.380952 0.390234
0.390625 0.380952 0.390625
0.391016 0.380952 0.391016
0.391406 0.380952 0.391406
0.391797 0.380952 0.391797
0.392188 0.380952 0.392188
0.392578 0.380952 0.392578
0.392969 0.380952 0.392969
0.393359 0.380952 0.393359
0.39375 0.380952 0.39375
0.394141 0.380952 0.394141
0.394531 0.380952 0.394531
0.394922 0.380952 0.394922
0.395313 0.380952 0.395313
0.395703 0.380952 0.395703
0.396094 0.380952 0.396094
0.396484 0.380952 0.396484
0.396875 0.380952 0.396875
0.397266 0.380952 0.397266
0.397656 0.380952 0.397656
0.398047 0.380952 0.398047
0.398438 0.380952 0.398438
0.398828 0.380952 0.398828
0.399219 0.380952 0.399219
0.399609 0.380952 0.399609
0.4 0.380952 0.4
0.400391 0.380952 0.400391
0.400781 0.380952 0.400781
0.401172 0.380952 0.401172
0.401562 0.380952 0.401562
0.401953 0.380952 0.401953
0.402344 0.380952 0.402344
0.402734 0.380952 0.402734
0.403125 0.380952 0.403125
0.403516 0.380952 0.403516
0.403906 0.380952 0.403906
0.404297 0.380952 0.404297
0.404688 0.380952 0.404688
0.405078 0.396825 0.405078
0.405469 0.396825 0.405469
0.405859 0.396825 0.405859
0.40625 0.396825 0.40625
0.406641 0.396825 0.406641
0.407031 0.396825 0.407031
0.407422 0.396825 0.407422
0.407813 0.396825 0.407813
0.408203 0.396825 0.408203
0.408594 0.396825 0.408594
0.408984 0.396825 0.408984
0.409375 0.396825 0.409375
0.409766 0.396825 0.409766
0.410156 0.396825 0.410156
0.410547 0.396825 0.410547
0.410938 0.396825 0.410938
0.411328 0.396825 0.411328
0.411719 0.396825 0.411719
0.412109 0.396825 0.412109
0.4125 0.396825 0.4125
0.412891 0.396825 0.412891
0.413281 0.396825 0.413281
0.413672 0.396825 0.413672
0.414063 0.396825 0.414063
0.414453 0.396825 0.414453
0.414844 0.396825 0.414844
0.415234 0.396825 0.415234
0.415625 0.396825 0.415625
0.416016 0.396825 0.416016
0.416406 0.396825 0.416406
0.416797 0.396825 0.416797
0.417188 0.396825 0.417188
0.417578 0.396825 0.417578
0.417969 0.396825 0.417969
0.418359 0.396825 0.418359
0.41875 0.396825 0.41875
0.419141 0.396825 0.419141
0.419531 0.396825 0.419531
0.419922 0.396825 0.419922
0.420313 0.396825 0.420313
0.420703 0.412698 0.420703
0.421094 0.412698 0.421094
0.421484 0.412698 0.421484
0.421875 0.412698 0.421875
0.422266 0.412698 0.422266
0.422656 0.412698 0.422656
0.423047 0.412698 0.423047
0.423438 0.412698 0.423438
0.423828 0.412698 0.423828
0.424219 0.412698 0.424219
0.424609 0.412698 0.424609
0.425 0.412698 0.425
0.425391 0.412698 0.425391
0.425781 0.412698 0.425781
0.426172 0.412698 0.426172
0.426563 0.412698 0.426563
0.426953 0.412698 0.426953
0.427344 0.412698 0.427344
0.427734 0.412698 0.427734
0.428125 0.412698 0.428125
0.428516 0.412698 0.428516
0.428906 0.412698 0.428906
0.429297 0.412698 0.429297
0.429688 0.412698 0.429688
0.430078 0.412698 0.430078
0.430469 0.412698 0.430469
0.430859 0.412698 0.430859
0.43125 0.412698 0.43125
0.431641 0.412698 0.431641
0.432031 0.412698 0.432031
0.432422 0.412698 0.432422
0.432813 0.412698 0.432813
0.433203 0.412698 0.433203
0.433594 0.412698 0.433594
0.433984 0.412698 0.433984
0.434375 0.412698 0.434375
0.434766 0.412698 0.434766
0.435156 0.412698 0.435156
0.435547 0.412698 0.435547
0.435938 0.412698 0.435938
0.436328 0.428571 0.436328
0.436719 0.428571 0.436719
0.437109 0.428571 0.437109
0.4375 0.428571 0.4375
0.437891 0.428571 0.437891
0.438281 0.428571 0.438281
0.438672 0.428571 0.438672
0.439063 0.428571 0.439063
0.439453 0.428571 0.439453
0.439844 0.428571 0.439844
0.440234 0.428571 0.440234
0.440625 0.428571 0.440625
0.441016 0.428571 0.441016
0.441406 0.428571 0.441406
0.441797 0.428571 0.441797
0.442188 0.428571 0.442188
0.442578 0.428571 0.442578
0.442969 0.428571 0.442969
0.443359 0.428571 0.443359
0.44375 0.428571 0.44375
0.444141 0.428571 0.444141
0.444531 0.428571 0.444531
0.444922 0.428571 0.444922
0.445313 0.428571 0.445313
0.445703 0.428571 0.445703
0.446094 0.428571 0.446094
0.446484 0.428571 0.446484
0.446875 0.428571 0.446875
0.447266 0.428571 0.447266
0.447656 0.428571 0.447656
0.448047 0.428571 0.448047
0.448438 0.428571 0.448438
0.448828 0.428571 0.448828
0.449219 0.428571 0.449219
0.449609 0.428571 0.449609
0.45 0.428571 0.45
0.450391 0.428571 0.450391
0.450781 0.428571 0.450781
0.451172 0.428571 0.451172
0.451563 0.428571 0.451563
0.451953 0.444444 0.451953
0.452344 0.444444 0.452344
0.452734 0.444444 0.452734
0.453125 0.444444 0.453125
0.453516 0.444444 0.453516
0.453906 0.444444 0.453906
0.454297 0.444444 0.454297
0.454688 0.444444 0.454688
0.455078 0.444444 0.455078
0.455469 0.444444 0.455469
0.455859 0.444444 0.455859
0.45625 0.444444 0.45625
0.456641 0.444444 0.456641
0.457031 0.444444 0.457031
0.457422 0.444444 0.457422
0.457813 0.444444 0.457813
0.458203 0.444444 0.458203
0.458594 0.444444 0.458594
0.458984 0.444444 0.458984
0.459375 0.444444 0.459375
0.459766 0.444444 0.459766
0.460156 0.444444 0.460156
0.460547 0.444444 0.460547
0.460938 0.444444 0.460938
0.461328 0.444444 0.461328
0.461719 0.444444 0.461719
0.462109 0.444444 0.462109
0.4625 0.444444 0.4625
0.462891 0.444444 0.462891
0.463281 0.444444 0.463281
0.463672 0.444444 0.463672
0.464063 0.444444 0.464063
0.464453 0.444444 0.464453
0.464844 0.444444 0.464844
0.465234 0.444444 0.465234
0.465625 0.444444 0.465625
0.466016 0.444444 0.466016
0.466406 0.444444 0.466406
0.466797 0.444444 0.466797
0.467188 0.444444 0.467188
0.467578 0.460317 0.467578
0.467969 0.460317 0.467969
0.468359 0.460317 0.468359
0.46875 0.460317 0.46875
0.469141 0.460317 0.469141
0.469531 0.460317 0.469531
0.469922 0.460317 0.469922
0.470313 0.460317 0.470313
0.470703 0.460317 0.470703
0.471094 0.460317 0.471094
0.471484 0.460317 0.471484
0.471875 0.460317 0.471875
0.472266 0.460317 0.472266
0.472656 0.460317 0.472656
0.473047 0.460317 0.473047
0.473438 0.460317 0.473438
0.473828 0.460317 0.473828
0.474219 0.460317 0.474219
0.474609 0.460317 0.474609
0.475 0.460317 0.475
0.475391 0.460317 0.475391
0.475781 0.460317 0.475781
0.476172 0.460317 0.476172
0.476563 0.460317 0.476563
0.476953 0.460317 0.476953
0.477344 0.460317 0.477344
0.477734 0.460317 0.477734
0.478125 0.460317 0.478125
0.478516 0.460317 0.478516
0.478906 0.460317 0.478906
0.479297 0.460317 0.479297
0.479688 0.460317 0.479688
0.480078 0.460317 0.480078
0.480469 0.460317 0.480469
0.480859 0.460317 0.480859
0.48125 0.460317 0.48125
0.481641 0.460317 0.481641
0.482031 0.460317 0.482031
0.482422 0.460317 0.482422
0.482813 0.460317 0.482813
0.483203 0.47619 0.483203
0.483594 0.47619 0.483594
0.483984 0.47619 0.483984
0.484375 0.47619 0.484375
0.484766 0.47619 0.484766
0.485156 0.47619 0.485156
0.485547 0.47619 0.485547
0.485938 0.47619 0.485938
0.486328 0.47619 0.486328
0.486719 0.47619 0.486719
0.487109 0.47619 0.487109
0.4875 0.47619 0.4875
0.487891 0.47619 0.487891
0.488281 0.47619 0.488281
0.488672 0.47619 0.488672
0.489063 0.47619 0.489063
0.489453 0.47619 0.489453
0.489844 0.47619 0.489844
0.490234 0.47619 0.490234
0.490625 0.47619 0.490625
0.491016 0.47619 0.491016
0.491406 0.47619 0.491406
0.491797 0.47619 0.491797
0.492188 0.47619 0.492188
0.492578 0.47619 0.492578
0.492969 0.47619 0.492969
0.493359 0.47619 0.493359
0.49375 0.47619 0.49375
0.494141 0.47619 0.494141
0.494531 0.47619 0.494531
0.494922 0.47619 0.494922
0.495313 0.47619 0.495313
0.495703 0.47619 0.495703
0.496094 0.47619 0.496094
0.496484 0.47619 0.496484
0.496875 0.47619 0.496875
0.497266 0.47619 0.497266
0.497656 0.47619 0.497656
0.498047 0.47619 0.498047
0.498438 0.47619 0.498438
0.498828 0.492063 0.498828
0.499219 0.492063 0.499219
0.499609 0.492063 0.499609
0.5 0.492063 0.5
0.500391 0.492063 0.500391
0.500781 0.492063 0.500781
0.501172 0.492063 0.501172
0.501563 0.492063 0.501563
0.501953 0.492063 0.501953
0.502344 0.492063 0.502344
0.502734 0.492063 0.502734
0.503125 0.492063 0.503125
0.503516 0.492063 0.503516
0.503906 0.492063 0.503906
0.504297 0.492063 0.504297
0.504688 0.492063 0.504688
0.505078 0.492063 0.505078
0.505469 0.492063 0.505469
0.505859 0.492063 0.505859
0.50625 0.492063 0.50625
0.506641 0.492063 0.506641
0.507031 0.492063 0.507031
0.507422 0.492063 0.507422
0.507813 0.492063 0.507813
0.508203 0.492063 0.508203
0.508594 0.492063 0.508594
0.508984 0.492063 0.508984
0.509375 0.492063 0.509375
0.509766 0.492063 0.509766
0.510156 0.492063 0.510156
0.510547 0.492063 0.510547
0.510938 0.492063 0.510938
0.511328 0.492063 0.511328
0.511719 0.492063 0.511719
0.512109 0.492063 0.512109
0.5125 0.492063 0.5125
0.512891 0.492063 0.512891
0.513281 0.492063 0.513281
0.513672 0.492063 0.513672
0.514063 0.492063 0.514063
0.514453 0.507937 0.514453
0.514844 0.507937 0.514844
0.515234 0.507937 0.515234
0.515625 0.507937 0.515625
0.516016 0.507937 0.516016
0.516406 0.507937 0.516406
0.516797 0.507937 0.516797
0.517188 0.507937 0.517188
0.517578 0.507937 0.517578
0.517969 0.507937 0.517969
0.518359 0.507937 0.518359
0.51875 0.507937 0.51875
0.519141 0.507937 0.519141
0.519531 0.507937 0.519531
0.519922 0.507937 0.519922
0.520313 0.507937 0.520313
0.520703 0.507937 0.520703
0.521094 0.507937 0.521094
0.521484 0.507937 0.521484
0.521875 0.507937 0.521875
0.522266 0.507937 0.522266
0.522656 0.507937 0.522656
0.523047 0.507937 0.523047
0.523438 0.507937 0.523438
0.523828 0.507937 0.523828
0.524219 0.507937 0.524219
0.524609 0.507937 0.524609
0.525 0.507937 0.525
0.525391 0.507937 0.525391
0.525781 0.507937 0.525781
0.526172 0.507937 0.526172
0.526563 0.507937 0.526563
0.526953 0.507937 0.526953
0.527344 0.507937 0.527344
0.527734 0.507937 0.527734
0.528125 0.507937 0.528125
0.528516 0.507937 0.528516
0.528906 0.507937 0.528906
0.529297 0.507937 0.529297
0.529688 0.507937 0.529688
0.530078 0.52381 0.530078
0.530469 0.52381 0.530469
0.530859 0.52381 0.530859
0.53125 0.52381 0.53125
0.531641 0.52381 0.531641
0.532031 0.52381 0.532031
0.532422 0.52381 0.532422
0.532813 0.52381 0.532813
0.533203 0.52381 0.533203
0.533594 0.52381 0.533594
0.533984 0.52381 0.533984
0.534375 0.52381 0.534375
0.534766 0.52381 0.534766
0.535156 0.52381 0.535156
0.535547 0.52381 0.535547
0.535938 0.52381 0.535938
0.536328 0.52381 0.536328
0.536719 0.52381 0.536719
0.537109 0.52381 0.537109
0.5375 0.52381 0.5375
0.537891 0.52381 0.537891
0.538281 0.52381 0.538281
0.538672 0.52381 0.538672
0.539063 0.52381 0.539063
0.539453 0.52381 0.539453
0.539844 0.52381 0.539844
0.540234 0.52381 0.540234
0.540625 0.52381 0.540625
0.541016 0.52381 0.541016
0.541406 0.52381 0.541406
0.541797 0.52381 0.541797
0.542188 0.52381 0.542188
0.542578 0.52381 0.542578
0.542969 0.52381 0.542969
0.543359 0.52381 0.543359
0.54375 0.52381 0.54375
0.544141 0.52381 0.544141
0.544531 0.52381 0.544531
0.544922 0.52381 0.544922
0.545313 0.52381 0.545313
0.545703 0.539683 0.545703
0.546094 0.539683 0.546094
0.546484 0.539683 0.546484
0.546875 0.539683 0.546875
0.547266 0.539683 0.547266
0.547656 0.539683 0.547656
0.548047 0.539683 0.548047
0.548438 0.539683 0.548438
0.548828 0.539683 0.548828
0.549219 0.539683 0.549219
0.549609 0.539683 0.549609
0.55 0.539683 0.55
0.550391 0.539683 0.550391
0.550781 0.539683 0.550781
0.551172 0.539683 0.551172
0.551563 0.539683 0.551563
0.551953 0.539683 0.551953
0.552344 0.539683 0.552344
0.552734 0.539683 0.552734
0.553125 0.539683 0.553125
0.553516 0.539683 0.553516
0.553906 0.539683 0.553906
0.554297 0.539683 0.554297
0.554688 0.539683 0.554688
0.555078 0.539683 0.555078
0.555469 0.539683 0.555469
0.555859 0.539683 0.555859
0.55625 0.539683 0.55625
0.556641 0.539683 0.556641
0.557031 0.539683 0.557031
0.557422 0.539683 0.557422
0.557813 0.539683 0.557813
0.558203 0.539683 0.558203
0.558594 0.539683 0.558594
0.558984 0.539683 0.558984
0.559375 0.539683 0.559375
0.559766 0.539683 0.559766
0.560156 0.539683 0.560156
0.560547 0.539683 0.560547
0.560938 0.539683 0.560938
0.561328 0.555556 0.561328
0.561719 0.555556 0.561719
0.562109 0.555556 0.562109
0.5625 0.555556 0.5625
0.562891 0.555556 0.562891
0.563281 0.555556 0.563281
0.563672 0.555556 0.563672
0.564063 0.555556 0.564063
0.564453 0.555556 0.564453
0.564844 0.555556 0.564844
0.565234 0.555556 0.565234
0.565625 0.555556 0.565625
0.566016 0.555556 0.566016
0.566406 0.555556 0.566406
0.566797 0.555556 0.566797
0.567188 0.555556 0.567188
0.567578 0.555556 0.567578
0.567969 0.555556 0.567969
0.568359 0.555556 0.568359
0.56875 0.555556 0.56875
0.569141 0.555556 0.569141
0.569531 0.555556 0.569531
0.569922 0.555556 0.569922
0.570313 0.555556 0.570313
0.570703 0.555556 0.570703
0.571094 0.555556 0.571094
0.571484 0.555556 0.571484
0.571875 0.555556 0.571875
0.572266 0.555556 0.572266
0.572656 0.555556 0.572656
0.573047 0.555556 0.573047
0.573438 0.555556 0.573438
0.573828 0.555556 0.573828
0.574219 0.555556 0.574219
0.574609 0.555556 0.574609
0.575 0.555556 0.575
0.575391 0.555556 0.575391
0.575781 0.555556 0.575781
0.576172 0.555556 0.576172
0.576563 0.555556 0.576563
0.576953 0.571429 0.576953
0.577344 0.571429 0.577344
0.577734 0.571429 0.577734
0.578125 0.571429 0.578125
0.578516 0.571429 0.578516
0.578906 0.571429 0.578906
0.579297 0.571429 0.579297
0.579688 0.571429 0.579688
0.580078 0.571429 0.580078
0.580469 0.571429 0.580469
0.580859 0.571429 0.580859
0.58125 0.571429 0.58125
0.581641 0.571429 0.581641
0.582031 0.571429 0.582031
0.582422 0.571429 0.582422
0.582813 0.571429 0.582813
0.583203 0.571429 0.583203
0.583594 0.571429 0.583594
0.583984 0.571429 0.583984
0.584375 0.571429 0.584375
0.584766 0.571429 0.584766
0.585156 0.571429 0.585156
0.585547 0.571429 0.585547
0.585938 0.571429 0.585938
0.586328 0.571429 0.586328
0.586719 0.571429 0.586719
0.587109 0.571429 0.587109
0.5875 0.571429 0.5875
0.587891 0.571429 0.587891
0.588281 0.571429 0.588281
0.588672 0.571429 0.588672
0.589063 0.571429 0.589063
0.589453 0.571429 0.589453
0.589844 0.571429 0.589844
0.590234 0.571429 0.590234
0.590625 0.571429 0.590625
0.591016 0.571429 0.591016
0.591406 0.571429 0.591406
0.591797 0.571429 0.591797
0.592188 0.571429 0.592188
0.592578 0.587302 0.592578
0.592969 0.587302 0.592969
0.593359 0.587302 0.593359
0.59375 0.587302 0.59375
0.594141 0.587302 0.594141
0.594531 0.587302 0.594531
0.594922 0.587302 0.594922
0.595313 0.587302 0.595313
0.595703 0.587302 0.595703
0.596094 0.587302 0.596094
0.596484 0.587302 0.596484
0.596875 0.587302 0.596875
0.597266 0.587302 0.597266
0.597656 0.587302 0.597656
0.598047 0.587302 0.598047
0.598438 0.587302 0.598438
0.598828 0.587302 0.598828
0.599219 0.587302 0.599219
0.599609 0.587302 0.599609
0.6 0.587302 0.6
0.600391 0.587302 0.600391
0.600781 0.587302 0.600781
0.601172 0.587302 0.601172
0.601563 0.587302 0.601563
0.601953 0.587302 0.601953
0.602344 0.587302 0.602344
0.602734 0.587302 0.602734
0.603125 0.587302 0.603125
0.603516 0.587302 0.603516
0.603906 0.587302 0.603906
0.604297 0.587302 0.604297
0.604688 0.587302 0.604688
0.605078 0.587302 0.605078
0.605469 0.587302 0.605469
0.605859 0.587302 0.605859
0.60625 0.587302 0.60625
0.606641 0.587302 0.606641
0.607031 0.587302 0.607031
0.607422 0.587302 0.607422
0.607812 0.587302 0.607812
0.608203 0.603175 0.608203
0.608594 0.603175 0.608594
0.608984 0.603175 0.608984
0.609375 0.603175 0.609375
0.609766 0.603175 0.609766
0.610156 0.603175 0.610156
0.610547 0.603175 0.610547
0.610938 0.603175 0.610938
0.611328 0.603175 0.611328
0.611719 0.603175 0.611719
0.612109 0.603175 0.612109
0.6125 0.603175 0.6125
0.612891 0.603175 0.612891
0.613281 0.603175 0.613281
0.613672 0.603175 0.613672
0.614063 0.603175 0.614063
0.614453 0.603175 0.614453
0.614844 0.603175 0.614844
0.615234 0.603175 0.615234
0.615625 0.603175 0.615625
0.616016 0.603175 0.616016
0.616406 0.603175 0.616406
0.616797 0.603175 0.616797
0.617188 0.603175 0.617188
0.617578 0.603175 0.617578
0.617969 0.603175 0.617969
0.618359 0.603175 0.618359
0.61875 0.603175 0.61875
0.619141 0.603175 0.619141
0.619531 0.603175 0.619531
0.619922 0.603175 0.619922
0.620313 0.603175 0.620313
0.620703 0.603175 0.620703
0.621094 0.603175 0.621094
0.621484 0.603175 0.621484
0.621875 0.603175 0.621875
0.622266 0.603175 0.622266
0.622656 0.603175 0.622656
0.623047 0.603175 0.623047
0.623437 0.603175 0.623437
0.623828 0.619048 0.623828
0.624219 0.619048 0.624219
0.624609 0.619048 0.624609
0.625 0.619048 0.625
0.625391 0.619048 0.625391
0.625781 0.619048 0.625781
0.626172 0.619048 0.626172
0.626563 0.619048 0.626563
0.626953 0.619048 0.626953
0.627344 0.619048 0.627344
0.627734 0.619048 0.627734
0.628125 0.619048 0.628125
0.628516 0.619048 0.628516
0.628906 0.619048 0.628906
0.629297 0.619048 0.629297
0.629688 0.619048 0.629688
0.630078 0.619048 0.630078
0.630469 0.619048 0.630469
0.630859 0.619048 0.630859
0.63125 0.619048 0.63125
0.631641 0.619048 0.631641
0.632031 0.619048 0.632031
0.632422 0.619048 0.632422
0.632813 0.619048 0.632813
0.633203 0.619048 0.633203
0.633594 0.619048 0.633594
0.633984 0.619048 0.633984
0.634375 0.619048 0.634375
0.634766 0.619048 0.634766
0.635156 0.619048 0.635156
0.635547 0.619048 0.635547
0.635938 0.619048 0.635938
0.636328 0.619048 0.636328
0.636719 0.619048 0.636719
0.637109 0.619048 0.637109
0.6375 0.619048 0.6375
0.637891 0.619048 0.637891
0.638281 0.619048 0.638281
0.638672 0.619048 0.638672
0.639063 0.619048 0.639063
0.639453 0.634921 0.639453
0.639844 0.634921 0.639844
0.640234 0.634921 0.640234
0.640625 0.634921 0.640625
0.641016 0.634921 0.641016
0.641406 0.634921 0.641406
0.641797 0.634921 0.641797
0.642188 0.634921 0.642188
0.642578 0.634921 0.642578
0.642969 0.634921 0.642969
0.643359 0.634921 0.643359
0.64375 0.634921 0.64375
0.644141 0.634921 0.644141
0.644531 0.634921 0.644531
0.644922 0.634921 0.644922
0.645313 0.634921 0.645313
0.645703 0.634921 0.645703
0.646094 0.634921 0.646094
0.646484 0.634921 0.646484
0.646875 0.634921 0.646875
0.647266 0.634921 0.647266
0.647656 0.634921 0.647656
0.648047 0.634921 0.648047
0.648438 0.634921 0.648438
0.648828 0.634921 0.648828
0.649219 0.634921 0.649219
0.649609 0.634921 0.649609
0.65 0.634921 0.65
0.650391 0.634921 0.650391
0.650781 0.634921 0.650781
0.651172 0.634921 0.651172
0.651563 0.634921 0.651563
0.651953 0.634921 0.651953
0.652344 0.634921 0.652344
0.652734 0.634921 0.652734
0.653125 0.634921 0.653125
0.653516 0.634921 0.653516
0.653906 0.634921 0.653906
0.654297 0.634921 0.654297
0.654688 0.634921 0.654688
0.655078 0.650794 0.655078
0.655469 0.650794 0.655469
0.655859 0.650794 0.655859
0.65625 0.650794 0.65625
0.656641 0.650794 0.656641
0.657031 0.650794 0.657031
0.657422 0.650794 0.657422
0.657813 0.650794 0.657813
0.658203 0.650794 0.658203
0.658594 0.650794 0.658594
0.658984 0.650794 0.658984
0.659375 0.650794 0.659375
0.659766 0.650794 0.659766
0.660156 0.650794 0.660156
0.660547 0.650794 0.660547
0.660938 0.650794 0.660938
0.661328 0.650794 0.661328
0.661719 0.650794 0.661719
0.662109 0.650794 0.662109
0.6625 0.650794 0.6625
0.662891 0.650794 0.662891
0.663281 0.650794 0.663281
0.663672 0.650794 0.663672
0.664063 0.650794 0.664063
0.664453 0.650794 0.664453
0.664844 0.650794 0.664844
0.665234 0.650794 0.665234
0.665625 0.650794 0.665625
0.666016 0.650794 0.666016
0.666406 0.650794 0.666406
0.666797 0.650794 0.666797
0.667188 0.650794 0.667188
0.667578 0.650794 0.667578
0.667969 0.650794 0.667969
0.668359 0.650794 0.668359
0.66875 0.650794 0.66875
0.669141 0.650794 0.669141
0.669531 0.650794 0.669531
0.669922 0.650794 0.669922
0.670313 0.650794 0.670313
0.670703 0.666667 0.670703
0.671094 0.666667 0.671094
0.671484 0.666667 0.671484
0.671875 0.666667 0.671875
0.672266 0.666667 0.672266
0.672656 0.666667 0.672656
0.673047 0.666667 0.673047
0.673438 0.666667 0.673438
0.673828 0.666667 0.673828
0.674219 0.666667 0.674219
0.674609 0.666667 0.674609
0.675 0.666667 0.675
0.675391 0.666667 0.675391
0.675781 0.666667 0.675781
0.676172 0.666667 0.676172
0.676563 0.666667 0.676563
0.676953 0.666667 0.676953
0.677344 0.666667 0.677344
0.677734 0.666667 0.677734
0.678125 0.666667 0.678125
0.678516 0.666667 0.678516
0.678906 0.666667 0.678906
0.679297 0.666667 0.679297
0.679688 0.666667 0.679688
0.680078 0.666667 0.680078
0.680469 0.666667 0.680469
0.680859 0.666667 0.680859
0.68125 0.666667 0.68125
0.681641 0.666667 0.681641
0.682031 0.666667 0.682031
0.682422 0.666667 0.682422
0.682813 0.666667 0.682813
0.683203 0.666667 0.683203
0.683594 0.666667 0.683594
0.683984 0.666667 0.683984
0.684375 0.666667 0.684375
0.684766 0.666667 0.684766
0.685156 0.666667 0.685156
0.685547 0.666667 0.685547
0.685938 0.666667 0.685938
0.686328 0.68254 0.686328
0.686719 0.68254 0.686719
0.687109 0.68254 0.687109
0.6875 0.68254 0.6875
0.687891 0.68254 0.687891
0.688281 0.68254 0.688281
0.688672 0.68254 0.688672
0.689063 0.68254 0.689063
0.689453 0.68254 0.689453
0.689844 0.68254 0.689844
0.690234 0.68254 0.690234
0.690625 0.68254 0.690625
0.691016 0.68254 0.691016
0.691406 0.68254 0.691406
0.691797 0.68254 0.691797
0.692187 0.68254 0.692187
0.692578 0.68254 0.692578
0.692969 0.68254 0.692969
0.693359 0.68254 0.693359
0.69375 0.68254 0.69375
0.694141 0.68254 0.694141
0.694531 0.68254 0.694531
0.694922 0.68254 0.694922
0.695313 0.68254 0.695313
0.695703 0.68254 0.695703
0.696094 0.68254 0.696094
0.696484 0.68254 0.696484
0.696875 0.68254 0.696875
0.697266 0.68254 0.697266
0.697656 0.68254 0.697656
0.698047 0.68254 0.698047
0.698438 0.68254 0.698438
0.698828 0.68254 0.698828
0.699219 0.68254 0.699219
0.699609 0.68254 0.699609
0.7 0.68254 0.7
0.700391 0.68254 0.700391
0.700781 0.68254 0.700781
0.701172 0.68254 0.701172
0.701563 0.68254 0.701563
0.701953 0.698413 0.701953
0.702344 0.698413 0.702344
0.702734 0.698413 0.702734
0.703125 0.698413 0.703125
0.703516 0.698413 0.703516
0.703906 0.698413 0.703906
0.704297 0.698413 0.704297
0.704688 0.698413 0.704688
0.705078 0.698413 0.705078
0.705469 0.698413 0.705469
0.705859 0.698413 0.705859
0.70625 0.698413 0.70625
0.706641 0.698413 0.706641
0.707031 0.698413 0.707031
0.707422 0.698413 0.707422
0.707813 0.698413 0.707813
0.708203 0.698413 0.708203
0.708594 0.698413 0.708594
0.708984 0.698413 0.708984
0.709375 0.698413 0.709375
0.709766 0.698413 0.709766
0.710156 0.698413 0.710156
0.710547 0.698413 0.710547
0.710938 0.698413 0.710938
0.711328 0.698413 0.711328
0.711719 0.698413 0.711719
0.712109 0.698413 0.712109
0.7125 0.698413 0.7125
0.712891 0.698413 0.712891
0.713281 0.698413 0.713281
0.713672 0.698413 0.713672
0.714063 0.698413 0.714063
0.714453 0.698413 0.714453
0.714844 0.698413 0.714844
0.715234 0.698413 0.715234
0.715625 0.698413 0.715625
0.716016 0.698413 0.716016
0.716406 0.698413 0.716406
0.716797 0.698413 0.716797
0.717188 0.698413 0.717188
0.717578 0.714286 0.717578
0.717969 0.714286 0.717969
0.718359 0.714286 0.718359
0.71875 0.714286 0.71875
0.719141 0.714286 0.719141
0.719531 0.714286 0.719531
0.719922 0.714286 0.719922
0.720313 0.714286 0.720313
0.720703 0.714286 0.720703
0.721094 0.714286 0.721094
0.721484 0.714286 0.721484
0.721875 0.714286 0.721875
0.722266 0.714286 0.722266
0.722656 0.714286 0.722656
0.723047 0.714286 0.723047
0.723438 0.714286 0.723438
0.723828 0.714286 0.723828
0.724219 0.714286 0.724219
0.724609 0.714286 0.724609
0.725 0.714286 0.725
0.725391 0.714286 0.725391
0.725781 0.714286 0.725781
0.726172 0.714286 0.726172
0.726563 0.714286 0.726563
0.726953 0.714286 0.726953
0.727344 0.714286 0.727344
0.727734 0.714286 0.727734
0.728125 0.714286 0.728125
0.728516 0.714286 0.728516
0.728906 0.714286 0.728906
0.729297 0.714286 0.729297
0.729688 0.714286 0.729688
0.730078 0.714286 0.730078
0.730469 0.714286 0.730469
0.730859 0.714286 0.730859
0.73125 0.714286 0.73125
0.731641 0.714286 0.731641
0.732031 0.714286 0.732031
0.732422 0.714286 0.732422
0.732813 0.714286 0.732813
0.733203 0.730159 0.733203
0.733594 0.730159 0.733594
0.733984 0.730159 0.733984
0.734375 0.730159 0.734375
0.734766 0.730159 0.734766
0.735156 0.730159 0.735156
0.735547 0.730159 0.735547
0.735938 0.730159 0.735938
0.736328 0.730159 0.736328
0.736719 0.730159 0.736719
0.737109 0.730159 0.737109
0.7375 0.730159 0.7375
0.737891 0.730159 0.737891
0.738281 0.730159 0.738281
0.738672 0.730159 0.738672
0.739063 0.730159 0.739063
0.739453 0.730159 0.739453
0.739844 0.730159 0.739844
0.740234 0.730159 0.740234
0.740625 0.730159 0.740625
0.741016 0.730159 0.741016
0.741406 0.730159 0.741406
0.741797 0.730159 0.741797
0.742188 0.730159 0.742188
0.742578 0.730159 0.742578
0.742969 0.730159 0.742969
0.743359 0.730159 0.743359
0.74375 0.730159 0.74375
0.744141 0.730159 0.744141
0.744531 0.730159 0.744531
0.744922 0.730159 0.744922
0.745313 0.730159 0.745313
0.745703 0.730159 0.745703
0.746094 0.730159 0.746094
0.746484 0.730159 0.746484
0.746875 0.730159 0.746875
0.747266 0.730159 0.747266
0.747656 0.730159 0.747656
0.748047 0.730159 0.748047
0.748437 0.730159 0.748437
0.748828 0.746032 0.748828
0.749219 0.746032 0.749219
0.749609 0.746032 0.749609
0.75 0.746032 0.75
0.750391 0.746032 0.750391
0.750781 0.746032 0.750781
0.751172 0.746032 0.751172
0.751563 0.746032 0.751563
0.751953 0.746032 0.751953
0.752344 0.746032 0.752344
0.752734 0.746032 0.752734
0.753125 0.746032 0.753125
0.753516 0.746032 0.753516
0.753906 0.746032 0.753906
0.754297 0.746032 0.754297
0.754688 0.746032 0.754688
0.755078 0.746032 0.755078
0.755469 0.746032 0.755469
0.755859 0.746032 0.755859
0.75625 0.746032 0.75625
0.756641 0.746032 0.756641
0.757031 0.746032 0.757031
0.757422 0.746032 0.757422
0.757813 0.746032 0.757813
0.758203 0.746032 0.758203
0.758594 0.746032 0.758594
0.758984 0.746032 0.758984
0.759375 0.746032 0.759375
0.759766 0.746032 0.759766
0.760156 0.746032 0.760156
0.760547 0.746032 0.760547
0.760937 0.746032 0.760937
0.761328 0.746032 0.761328
0.761719 0.746032 0.761719
0.762109 0.746032 0.762109
0.7625 0.746032 0.7625
0.762891 0.746032 0.762891
0.763281 0.746032 0.763281
0.763672 0.746032 0.763672
0.764063 0.746032 0.764063
0.764453 0.761905 0.764453
0.764844 0.761905 0.764844
0.765234 0.761905 0.765234
0.765625 0.761905 0.765625
0.766016 0.761905 0.766016
0.766406 0.761905 0.766406
0.766797 0.761905 0.766797
0.767188 0.761905 0.767188
0.767578 0.761905 0.767578
0.767969 0.761905 0.767969
0.768359 0.761905 0.768359
0.76875 0.761905 0.76875
0.769141 0.761905 0.769141
0.769531 0.761905 0.769531
0.769922 0.761905 0.769922
0.770313 0.761905 0.770313
0.770703 0.761905 0.770703
0.771094 0.761905 0.771094
0.771484 0.761905 0.771484
0.771875 0.761905 0.771875
0.772266 0.761905 0.772266
0.772656 0.761905 0.772656
0.773047 0.761905 0.773047
0.773438 0.761905 0.773438
0.773828 0.761905 0.773828
0.774219 0.761905 0.774219
0.774609 0.761905 0.774609
0.775 0.761905 0.775
0.775391 0.761905 0.775391
0.775781 0.761905 0.775781
0.776172 0.761905 0.776172
0.776563 0.761905 0.776563
0.776953 0.761905 0.776953
0.777344 0.761905 0.777344
0.777734 0.761905 0.777734
0.778125 0.761905 0.778125
0.778516 0.761905 0.778516
0.778906 0.761905 0.778906
0.779297 0.761905 0.779297
0.779688 0.761905 0.779688
0.780078 0.777778 0.780078
0.780469 0.777778 0.780469
0.780859 0.777778 0.780859
0.78125 0.777778 0.78125
0.781641 0.777778 0.781641
0.782031 0.777778 0.782031
0.782422 0.777778 0.782422
0.782813 0.777778 0.782813
0.783203 0.777778 0.783203
0.783594 0.777778 0.783594
0.783984 0.777778 0.783984
0.784375 0.777778 0.784375
0.784766 0.777778 0.784766
0.785156 0.777778 0.785156
0.785547 0.777778 0.785547
0.785938 0.777778 0.785938
0.786328 0.777778 0.786328
0.786719 0.777778 0.786719
0.787109 0.777778 0.787109
0.7875 0.777778 0.7875
0.787891 0.777778 0.787891
0.788281 0.777778 0.788281
0.788672 0.777778 0.788672
0.789063 0.777778 0.789063
0.789453 0.777778 0.789453
0.789844 0.777778 0.789844
0.790234 0.777778 0.790234
0.790625 0.777778 0.790625
0.791016 0.777778 0.791016
0.791406 0.777778 0.791406
0.791797 0.777778 0.791797
0.792188 0.777778 0.792188
0.792578 0.777778 0.792578
0.792969 0.777778 0.792969
0.793359 0.777778 0.793359
0.79375 0.777778 0.79375
0.794141 0.777778 0.794141
0.794531 0.777778 0.794531
0.794922 0.777778 0.794922
0.795313 0.777778 0.795313
0.795703 0.793651 0.795703
0.796094 0.793651 0.796094
0.796484 0.793651 0.796484
0.796875 0.793651 0.796875
0.797266 0.793651 0.797266
0.797656 0.793651 0.797656
0.798047 0.793651 0.798047
0.798438 0.793651 0.798438
0.798828 0.793651 0.798828
0.799219 0.793651 0.799219
0.799609 0.793651 0.799609
0.8 0.793651 0.8
0.800391 0.793651 0.800391
0.800781 0.793651 0.800781
0.801172 0.793651 0.801172
0.801563 0.793651 0.801563
0.801953 0.793651 0.801953
0.802344 0.793651 0.802344
0.802734 0.793651 0.802734
0.803125 0.793651 0.803125
0.803516 0.793651 0.803516
0.803906 0.793651 0.803906
0.804297 0.793651 0.804297
0.804688 0.793651 0.804688
0.805078 0.793651 0.805078
0.805469 0.793651 0.805469
0.805859 0.793651 0.805859
0.80625 0.793651 0.80625
0.806641 0.793651 0.806641
0.807031 0.793651 0.807031
0.807422 0.793651 0.807422
0.807813 0.793651 0.807813
0.808203 0.793651 0.808203
0.808594 0.793651 0.808594
0.808984 0.793651 0.808984
0.809375 0.793651 0.809375
0.809766 0.793651 0.809766
0.810156 0.793651 0.810156
0.810547 0.793651 0.810547
0.810938 0.793651 0.810938
0.811328 0.809524 0.811328
0.811719 0.809524 0.811719
0.812109 0.809524 0.812109
0.8125 0.809524 0.8125
0.812891 0.809524 0.812891
0.813281 0.809524 0.813281
0.813672 0.809524 0.813672
0.814063 0.809524 0.814063
0.814453 0.809524 0.814453
0.814844 0.809524 0.814844
0.815234 0.809524 0.815234
0.815625 0.809524 0.815625
0.816016 0.809524 0.816016
0.816406 0.809524 0.816406
0.816797 0.809524 0.816797
0.817188 0.809524 0.817188
0.817578 0.809524 0.817578
0.817969 0.809524 0.817969
0.818359 0.809524 0.818359
0.81875 0.809524 0.81875
0.819141 0.809524 0.819141
0.819531 0.809524 0.819531
0.819922 0.809524 0.819922
0.820313 0.809524 0.820313
0.820703 0.809524 0.820703
0.821094 0.809524 0.821094
0.821484 0.809524 0.821484
0.821875 0.809524 0.821875
0.822266 0.809524 0.822266
0.822656 0.809524 0.822656
0.823047 0.809524 0.823047
0.823438 0.809524 0.823438
0.823828 0.809524 0.823828
0.824219 0.809524 0.824219
0.824609 0.809524 0.824609
0.825 0.809524 0.825
0.825391 0.809524 0.825391
0.825781 0.809524 0.825781
0.826172 0.809524 0.826172
0.826562 0.809524 0.826562
0.826953 0.825397 0.826953
0.827344 0.825397 0.827344
0.827734 0.825397 0.827734
0.828125 0.825397 0.828125
0.828516 0.825397 0.828516
0.828906 0.825397 0.828906
0.829297 0.825397 0.829297
0.829688 0.825397 0.829688
0.830078 0.825397 0.830078
0.830469 0.825397 0.830469
0.830859 0.825397 0.830859
0.83125 0.825397 0.83125
0.831641 0.825397 0.831641
0.832031 0.825397 0.832031
0.832422 0.825397 0.832422
0.832813 0.825397 0.832813
0.833203 0.825397 0.833203
0.833594 0.825397 0.833594
0.833984 0.825397 0.833984
0.834375 0.825397 0.834375
0.834766 0.825397 0.834766
0.835156 0.825397 0.835156
0.835547 0.825397 0.835547
0.835938 0.825397 0.835938
0.836328 0.825397 0.836328
0.836719 0.825397 0.836719
0.837109 0.825397 0.837109
0.8375 0.825397 0.8375
0.837891 0.825397 0.837891
0.838281 0.825397 0.838281
0.838672 0.825397 0.838672
0.839063 0.825397 0.839063
0.839453 0.825397 0.839453
0.839844 0.825397 0.839844
0.840234 0.825397 0.840234
0.840625 0.825397 0.840625
0.841016 0.825397 0.841016
0.841406 0.825397 0.841406
0.841797 0.825397 0.841797
0.842188 0.825397 0.842188
0.842578 0.84127 0.842578
0.842969 0.84127 0.842969
0.843359 0.84127 0.843359
0.84375 0.84127 0.84375
0.844141 0.84127 0.844141
0.844531 0.84127 0.844531
0.844922 0.84127 0.844922
0.845313 0.84127 0.845313
0.845703 0.84127 0.845703
0.846094 0.84127 0.846094
0.846484 0.84127 0.846484
0.846875 0.84127 0.846875
0.847266 0.84127 0.847266
0.847656 0.84127 0.847656
0.848047 0.84127 0.848047
0.848438 0.84127 0.848438
0.848828 0.84127 0.848828
0.849219 0.84127 0.849219
0.849609 0.84127 0.849609
0.85 0.84127 0.85
0.850391 0.84127 0.850391
0.850781 0.84127 0.850781
0.851172 0.84127 0.851172
0.851563 0.84127 0.851563
0.851953 0.84127 0.851953
0.852344 0.84127 0.852344
0.852734 0.84127 0.852734
0.853125 0.84127 0.853125
0.853516 0.84127 0.853516
0.853906 0.84127 0.853906
0.854297 0.84127 0.854297
0.854688 0.84127 0.854688
0.855078 0.84127 0.855078
0.855469 0.84127 0.855469
0.855859 0.84127 0.855859
0.85625 0.84127 0.85625
0.856641 0.84127 0.856641
0.857031 0.84127 0.857031
0.857422 0.84127 0.857422
0.857812 0.84127 0.857812
0.858203 0.857143 0.858203
0.858594 0.857143 0.858594
0.858984 0.857143 0.858984
0.859375 0.857143 0.859375
0.859766 0.857143 0.859766
0.860156 0.857143 0.860156
0.860547 0.857143 0.860547
0.860938 0.857143 0.860938
0.861328 0.857143 0.861328
0.861719 0.857143 0.861719
0.862109 0.857143 0.862109
0.8625 0.857143 0.8625
0.862891 0.857143 0.862891
0.863281 0.857143 0.863281
0.863672 0.857143 0.863672
0.864063 0.857143 0.864063
0.864453 0.857143 0.864453
0.864844 0.857143 0.864844
0.865234 0.857143 0.865234
0.865625 0.857143 0.865625
0.866016 0.857143 0.866016
0.866406 0.857143 0.866406
0.866797 0.857143 0.866797
0.867188 0.857143 0.867188
0.867578 0.857143 0.867578
0.867969 0.857143 0.867969
0.868359 0.857143 0.868359
0.86875 0.857143 0.86875
0.869141 0.857143 0.869141
0.869531 0.857143 0.869531
0.869922 0.857143 0.869922
0.870313 0.857143 0.870313
0.870703 0.857143 0.870703
0.871094 0.857143 0.871094
0.871484 0.857143 0.871484
0.871875 0.857143 0.871875
0.872266 0.857143 0.872266
0.872656 0.857143 0.872656
0.873047 0.857143 0.873047
0.873438 0.857143 0.873438
0.873828 0.873016 0.873828
0.874219 0.873016 0.874219
0.874609 0.873016 0.874609
0.875 0.873016 0.875
0.875391 0.873016 0.875391
0.875781 0.873016 0.875781
0.876172 0.873016 0.876172
0.876563 0.873016 0.876563
0.876953 0.873016 0.876953
0.877344 0.873016 0.877344
0.877734 0.873016 0.877734
0.878125 0.873016 0.878125
0.878516 0.873016 0.878516
0.878906 0.873016 0.878906
0.879297 0.873016 0.879297
0.879688 0.873016 0.879688
0.880078 0.873016 0.880078
0.880469 0.873016 0.880469
0.880859 0.873016 0.880859
0.88125 0.873016 0.88125
0.881641 0.873016 0.881641
0.882031 0.873016 0.882031
0.882422 0.873016 0.882422
0.882813 0.873016 0.882813
0.883203 0.873016 0.883203
0.883594 0.873016 0.883594
0.883984 0.873016 0.883984
0.884375 0.873016 0.884375
0.884766 0.873016 0.884766
0.885156 0.873016 0.885156
0.885547 0.873016 0.885547
0.885938 0.873016 0.885938
0.886328 0.873016 0.886328
0.886719 0.873016 0.886719
0.887109 0.873016 0.887109
0.8875 0.873016 0.8875
0.887891 0.873016 0.887891
0.888281 0.873016 0.888281
0.888672 0.873016 0.888672
0.889063 0.873016 0.889063
0.889453 0.888889 0.889453
0.889844 0.888889 0.889844
0.890234 0.888889 0.890234
0.890625 0.888889 0.890625
0.891016 0.888889 0.891016
0.891406 0.888889 0.891406
0.891797 0.888889 0.891797
0.892188 0.888889 0.892188
0.892578 0.888889 0.892578
0.892969 0.888889 0.892969
0.893359 0.888889 0.893359
0.89375 0.888889 0.89375
0.894141 0.888889 0.894141
0.894531 0.888889 0.894531
0.894922 0.888889 0.894922
0.895313 0.888889 0.895313
0.895703 0.888889 0.895703
0.896094 0.888889 0.896094
0.896484 0.888889 0.896484
0.896875 0.888889 0.896875
0.897266 0.888889 0.897266
0.897656 0.888889 0.897656
0.898047 0.888889 0.898047
0.898438 0.888889 0.898438
0.898828 0.888889 0.898828
0.899219 0.888889 0.899219
0.899609 0.888889 0.899609
0.9 0.888889 0.9
0.900391 0.888889 0.900391
0.900781 0.888889 0.900781
0.901172 0.888889 0.901172
0.901563 0.888889 0.901563
0.901953 0.888889 0.901953
0.902344 0.888889 0.902344
0.902734 0.888889 0.902734
0.903125 0.888889 0.903125
0.903516 0.888889 0.903516
0.903906 0.888889 0.903906
0.904297 0.888889 0.904297
0.904688 0.888889 0.904688
0.905078 0.904762 0.905078
0.905469 0.904762 0.905469
0.905859 0.904762 0.905859
0.90625 0.904762 0.90625
0.906641 0.904762 0.906641
0.907031 0.904762 0.907031
0.907422 0.904762 0.907422
0.907813 0.904762 0.907813
0.908203 0.904762 0.908203
0.908594 0.904762 0.908594
0.908984 0.904762 0.908984
0.909375 0.904762 0.909375
0.909766 0.904762 0.909766
0.910156 0.904762 0.910156
0.910547 0.904762 0.910547
0.910938 0.904762 0.910938
0.911328 0.904762 0.911328
0.911719 0.904762 0.911719
0.912109 0.904762 0.912109
0.9125 0.904762 0.9125
0.912891 0.904762 0.912891
0.913281 0.904762 0.913281
0.913672 0.904762 0.913672
0.914063 0.904762 0.914063
0.914453 0.904762 0.914453
0.914844 0.904762 0.914844
0.915234 0.904762 0.915234
0.915625 0.904762 0.915625
0.916016 0.904762 0.916016
0.916406 0.904762 0.916406
0.916797 0.904762 0.916797
0.917188 0.904762 0.917188
0.917578 0.904762 0.917578
0.917969 0.904762 0.917969
0.918359 0.904762 0.918359
0.91875 0.904762 0.91875
0.919141 0.904762 0.919141
0.919531 0.904762 0.919531
0.919922 0.904762 0.919922
0.920313 0.904762 0.920313
0.920703 0.920635 0.920703
0.921094 0.920635 0.921094
0.921484 0.920635 0.921484
0.921875 0.920635 0.921875
0.922266 0.920635 0.922266
0.922656 0.920635 0.922656
0.923047 0.920635 0.923047
0.923438 0.920635 0.923438
0.923828 0.920635 0.923828
0.924219 0.920635 0.924219
0.924609 0.920635 0.924609
0.925 0.920635 0.925
0.925391 0.920635 0.925391
0.925781 0.920635 0.925781
0.926172 0.920635 0.926172
0.926563 0.920635 0.926563
0.926953 0.920635 0.926953
0.927344 0.920635 0.927344
0.927734 0.920635 0.927734
0.928125 0.920635 0.928125
0.928516 0.920635 0.928516
0.928906 0.920635 0.928906
0.929297 0.920635 0.929297
0.929688 0.920635 0.929688
0.930078 0.920635 0.930078
0.930469 0.920635 0.930469
0.930859 0.920635 0.930859
0.93125 0.920635 0.93125
0.931641 0.920635 0.931641
0.932031 0.920635 0.932031
0.932422 0.920635 0.932422
0.932813 0.920635 0.932813
0.933203 0.920635 0.933203
0.933594 0.920635 0.933594
0.933984 0.920635 0.933984
0.934375 0.920635 0.934375
0.934766 0.920635 0.934766
0.935156 0.920635 0.935156
0.935547 0.920635 0.935547
0.935938 0.920635 0.935938
0.936328 0.936508 0.936328
0.936719 0.936508 0.936719
0.937109 0.936508 0.937109
0.9375 0.936508 0.9375
0.937891 0.936508 0.937891
0.938281 0.936508 0.938281
0.938672 0.936508 0.938672
0.939063 0.936508 0.939063
0.939453 0.936508 0.939453
0.939844 0.936508 0.939844
0.940234 0.936508 0.940234
0.940625 0.936508 0.940625
0.941016 0.936508 0.941016
0.941406 0.936508 0.941406
0.941797 0.936508 0.941797
0.942188 0.936508 0.942188
0.942578 0.936508 0.942578
0.942969 0.936508 0.942969
0.943359 0.936508 0.943359
0.94375 0.936508 0.94375
0.944141 0.936508 0.944141
0.944531 0.936508 0.944531
0.944922 0.936508 0.944922
0.945313 0.936508 0.945313
0.945703 0.936508 0.945703
0.946094 0.936508 0.946094
0.946484 0.936508 0.946484
0.946875 0.936508 0.946875
0.947266 0.936508 0.947266
0.947656 0.936508 0.947656
0.948047 0.936508 0.948047
0.948438 0.936508 0.948438
0.948828 0.936508 0.948828
0.949219 0.936508 0.949219
0.949609 0.936508 0.949609
0.95 0.936508 0.95
0.950391 0.936508 0.950391
0.950781 0.936508 0.950781
0.951172 0.936508 0.951172
0.951563 0.936508 0.951563
0.951953 0.952381 0.951953
0.952344 0.952381 0.952344
0.952734 0.952381 0.952734
0.953125 0.952381 0.953125
0.953516 0.952381 0.953516
0.953906 0.952381 0.953906
0.954297 0.952381 0.954297
0.954688 0.952381 0.954688
0.955078 0.952381 0.955078
0.955469 0.952381 0.955469
0.955859 0.952381 0.955859
0.95625 0.952381 0.95625
0.956641 0.952381 0.956641
0.957031 0.952381 0.957031
0.957422 0.952381 0.957422
0.957813 0.952381 0.957813
0.958203 0.952381 0.958203
0.958594 0.952381 0.958594
0.958984 0.952381 0.958984
0.959375 0.952381 0.959375
0.959766 0.952381 0.959766
0.960156 0.952381 0.960156
0.960547 0.952381 0.960547
0.960938 0.952381 0.960938
0.961328 0.952381 0.961328
0.961719 0.952381 0.961719
0.962109 0.952381 0.962109
0.9625 0.952381 0.9625
0.962891 0.952381 0.962891
0.963281 0.952381 0.963281
0.963672 0.952381 0.963672
0.964063 0.952381 0.964063
0.964453 0.952381 0.964453
0.964844 0.952381 0.964844
0.965234 0.952381 0.965234
0.965625 0.952381 0.965625
0.966016 0.952381 0.966016
0.966406 0.952381 0.966406
0.966797 0.952381 0.966797
0.967188 0.952381 0.967188
0.967578 0.968254 0.967578
0.967969 0.968254 0.967969
0.968359 0.968254 0.968359
0.96875 0.968254 0.96875
0.969141 0.968254 0.969141
0.969531 0.968254 0.969531
0.969922 0.968254 0.969922
0.970313 0.968254 0.970313
0.970703 0.968254 0.970703
0.971094 0.968254 0.971094
0.971484 0.968254 0.971484
0.971875 0.968254 0.971875
0.972266 0.968254 0.972266
0.972656 0.968254 0.972656
0.973047 0.968254 0.973047
0.973438 0.968254 0.973438
0.973828 0.968254 0.973828
0.974219 0.968254 0.974219
0.974609 0.968254 0.974609
0.975 0.968254 0.975
0.975391 0.968254 0.975391
0.975781 0.968254 0.975781
0.976172 0.968254 0.976172
0.976563 0.968254 0.976563
0.976953 0.968254 0.976953
0.977344 0.968254 0.977344
0.977734 0.968254 0.977734
0.978125 0.968254 0.978125
0.978516 0.968254 0.978516
0.978906 0.968254 0.978906
0.979297 0.968254 0.979297
0.979688 0.968254 0.979688
0.980078 0.968254 0.980078
0.980469 0.968254 0.980469
0.980859 0.968254 0.980859
0.98125 0.968254 0.98125
0.981641 0.968254 0.981641
0.982031 0.968254 0.982031
0.982422 0.968254 0.982422
0.982813 0.968254 0.982813
0.983203 0.984127 0.983203
0.983594 0.984127 0.983594
0.983984 0.984127 0.983984
0.984375 0.984127 0.984375
0.984766 0.984127 0.984766
0.985156 0.984127 0.985156
0.985547 0.984127 0.985547
0.985938 0.984127 0.985938
0.986328 0.984127 0.986328
0.986719 0.984127 0.986719
0.987109 0.984127 0.987109
0.9875 0.984127 0.9875
0.987891 0.984127 0.987891
0.988281 0.984127 0.988281
0.988672 0.984127 0.988672
0.989063 0.984127 0.989063
0.989453 0.984127 0.989453
0.989844 0.984127 0.989844
0.990234 0.984127 0.990234
0.990625 0.984127 0.990625
0.991016 0.984127 0.991016
0.991406 0.984127 0.991406
0.991797 0.984127 0.991797
0.992188 0.984127 0.992188
0.992578 0.984127 0.992578
0.992969 0.984127 0.992969
0.993359 0.984127 0.993359
0.99375 0.984127 0.99375
0.994141 0.984127 0.994141
0.994531 0.984127 0.994531
0.994922 0.984127 0.994922
0.995313 0.984127 0.995313
0.995703 0.984127 0.995703
0.996094 0.984127 0.996094
0.996484 0.984127 0.996484
0.996875 0.984127 0.996875
0.997266 0.984127 0.997266
0.997656 0.984127 0.997656
0.998047 0.984127 0.998047
0.998438 0.984127 0.998438
0.998828 1.0 0.998828
0.999219 1.0 0.999219
0.999609 1.0 0.999609
1.0 1.0 1.0
