2e-07 0.624345 0.571429 0.624345
2.05e-07 0.627385 0.571429 0.627385
2.1e-07 0.630421 0.571429 0.630421
2.15e-07 0.633451 0.571429 0.633451
2.2e-07 0.636476 0.571429 0.636476
2.25e-07 0.639496 0.571429 0.639496
2.3e-07 0.64251 0.571429 0.64251
2.35e-07 0.645518 0.571429 0.645518
2.4e-07 0.648521 0.571429 0.648521
2.45e-07 0.651518 0.571429 0.651518
2.5e-07 0.654508 0.571429 0.654508
2.55e-07 0.657493 0.571429 0.657493
2.6e-07 0.660472 0.571429 0.660472
2.65e-07 0.663444 0.571429 0.663444
2.7e-07 0.66641 0.571429 0.66641
2.75e-07 0.669369 0.571429 0.669369
2.8e-07 0.672321 0.571429 0.672321
2.85e-07 0.675267 0.634921 0.675267
2.9e-07 0.678206 0.634921 0.678206
2.95e-07 0.681138 0.634921 0.681138
3e-07 0.684062 0.634921 0.684062
3.05e-07 0.68698 0.634921 0.68698
3.1e-07 0.68989 0.634921 0.68989
3.15e-07 0.692792 0.634921 0.692792
3.2e-07 0.695687 0.634921 0.695687
3.25e-07 0.698574 0.634921 0.698574
3.3e-07 0.701453 0.634921 0.701453
3.35e-07 0.704325 0.634921 0.704325
3.4e-07 0.707188 0.634921 0.707188
3.45e-07 0.710043 0.634921 0.710043
3.5e-07 0.71289 0.634921 0.71289
3.55e-07 0.715728 0.634921 0.715728
3.6e-07 0.718558 0.634921 0.718558
3.65e-07 0.721379 0.634921 0.721379
3.7e-07 0.724192 0.634921 0.724192
3.75e-07 0.726995 0.634921 0.726995
3.8e-07 0.72979 0.634921 0.72979
3.85e-07 0.732576 0.68254 0.732576
3.9e-07 0.735352 0.68254 0.735352
3.95e-07 0.738119 0.68254 0.738119
4e-07 0.740877 0.68254 0.740877
4.05e-07 0.743625 0.68254 0.743625
4.1e-07 0.746364 0.68254 0.746364
4.15e-07 0.749093 0.68254 0.749093
4.2e-07 0.751812 0.68254 0.751812
4.25e-07 0.754521 0.68254 0.754521
4.3e-07 0.75722 0.68254 0.75722
4.35e-07 0.759909 0.68254 0.759909
4.4e-07 0.762587 0.68254 0.762587
4.45e-07 0.765256 0.68254 0.765256
4.5e-07 0.767913 0.68254 0.767913
4.55e-07 0.770561 0.68254 0.770561
4.6e-07 0.773197 0.68254 0.773197
4.65e-07 0.775823 0.68254 0.775823
4.7e-07 0.778438 0.68254 0.778438
4.75e-07 0.781042 0.68254 0.781042
4.8e-07 0.783634 0.68254 0.783634
4.85e-07 0.786216 0.746032 0.786216
4.9e-07 0.788786 0.746032 0.788786
4.95e-07 0.791345 0.746032 0.791345
5e-07 0.793893 0.746032 0.793893
5.05e-07 0.796428 0.746032 0.796428
5.1e-07 0.798952 0.746032 0.798952
5.15e-07 0.801465 0.746032 0.801465
5.2e-07 0.803965 0.746032 0.803965
5.25e-07 0.806453 0.746032 0.806453
5.3e-07 0.80893 0.746032 0.80893
5.35e-07 0.811394 0.746032 0.811394
5.4e-07 0.813846 0.746032 0.813846
5.45e-07 0.816285 0.746032 0.816285
5.5e-07 0.818712 0.746032 0.818712
5.55e-07 0.821126 0.746032 0.821126
5.6e-07 0.823528 0.746032 0.823528
5.65e-07 0.825917 0.746032 0.825917
5.7e-07 0.828293 0.746032 0.828293
5.75e-07 0.830656 0.746032 0.830656
5.8e-07 0.833006 0.746032 0.833006
5.85e-07 0.835343 0.809524 0.835343
5.9e-07 0.837666 0.809524 0.837666
5.95e-07 0.839977 0.809524 0.839977
6e-07 0.842274 0.809524 0.842274
6.05e-07 0.844557 0.809524 0.844557
6.1e-07 0.846827 0.809524 0.846827
6.15e-07 0.849083 0.809524 0.849083
6.2e-07 0.851325 0.809524 0.851325
6.25e-07 0.853553 0.809524 0.853553
6.3e-07 0.855768 0.809524 0.855768
6.35e-07 0.857968 0.809524 0.857968
6.4e-07 0.860155 0.809524 0.860155
6.45e-07 0.862327 0.809524 0.862327
6.5e-07 0.864484 0.809524 0.864484
6.55e-07 0.866628 0.809524 0.866628
6.6e-07 0.868757 0.809524 0.868757
6.65e-07 0.870871 0.809524 0.870871
6.7e-07 0.872971 0.809524 0.872971
6.75e-07 0.875055 0.809524 0.875055
6.8e-07 0.877126 0.809524 0.877126
6.85e-07 0.879181 0.857143 0.879181
6.9e-07 0.881221 0.857143 0.881221
6.95e-07 0.883246 0.857143 0.883246
7e-07 0.885257 0.857143 0.885257
7.05e-07 0.887252 0.857143 0.887252
7.1e-07 0.889231 0.857143 0.889231
7.15e-07 0.891195 0.857143 0.891195
7.2e-07 0.893144 0.857143 0.893144
7.25e-07 0.895077 0.857143 0.895077
7.3e-07 0.896995 0.857143 0.896995
7.35e-07 0.898897 0.857143 0.898897
7.4e-07 0.900783 0.857143 0.900783
7.45e-07 0.902654 0.857143 0.902654
7.5e-07 0.904508 0.857143 0.904508
7.55e-07 0.906347 0.857143 0.906347
7.6e-07 0.90817 0.857143 0.90817
7.65e-07 0.909976 0.857143 0.909976
7.7e-07 0.911766 0.857143 0.911766
7.75e-07 0.91354 0.857143 0.91354
7.8e-07 0.915298 0.857143 0.915298
7.85e-07 0.917039 0.888889 0.917039
7.9e-07 0.918764 0.888889 0.918764
7.95e-07 0.920472 0.888889 0.920472
8e-07 0.922164 0.888889 0.922164
8.05e-07 0.923839 0.888889 0.923839
8.1e-07 0.925497 0.888889 0.925497
8.15e-07 0.927139 0.888889 0.927139
8.2e-07 0.928763 0.888889 0.928763
8.25e-07 0.930371 0.888889 0.930371
8.3e-07 0.931962 0.888889 0.931962
8.35e-07 0.933535 0.888889 0.933535
8.4e-07 0.935092 0.888889 0.935092
8.45e-07 0.936631 0.888889 0.936631
8.5e-07 0.938153 0.888889 0.938153
8.55e-07 0.939658 0.888889 0.939658
8.6e-07 0.941146 0.888889 0.941146
8.65e-07 0.942616 0.888889 0.942616
8.7e-07 0.944068 0.888889 0.944068
8.75e-07 0.945503 0.888889 0.945503
8.8e-07 0.946921 0.888889 0.946921
8.85e-07 0.94832 0.936508 0.94832
8.9e-07 0.949703 0.936508 0.949703
8.95e-07 0.951067 0.936508 0.951067
9e-07 0.952414 0.936508 0.952414
9.05e-07 0.953742 0.936508 0.953742
9.1e-07 0.955053 0.936508 0.955053
9.15e-07 0.956346 0.936508 0.956346
9.2e-07 0.957621 0.936508 0.957621
9.25e-07 0.958877 0.936508 0.958877
9.3e-07 0.960116 0.936508 0.960116
9.35e-07 0.961336 0.936508 0.961336
9.4e-07 0.962539 0.936508 0.962539
9.45e-07 0.963723 0.936508 0.963723
9.5e-07 0.964888 0.936508 0.964888
9.55e-07 0.966036 0.936508 0.966036
9.6e-07 0.967164 0.936508 0.967164
9.65e-07 0.968275 0.936508 0.968275
9.7e-07 0.969367 0.936508 0.969367
9.75e-07 0.97044 0.936508 0.97044
9.8e-07 0.971495 0.936508 0.971495
9.85e-07 0.972532 0.968254 0.972532
9.9e-07 0.973549 0.968254 0.973549
9.95e-07 0.974548 0.968254 0.974548
1e-06 0.975528 0.968254 0.975528
1.005e-06 0.97649 0.968254 0.97649
1.01e-06 0.977432 0.968254 0.977432
1.015e-06 0.978356 0.968254 0.978356
1.02e-06 0.979261 0.968254 0.979261
1.025e-06 0.980147 0.968254 0.980147
1.03e-06 0.981014 0.968254 0.981014
1.035e-06 0.981862 0.968254 0.981862
1.04e-06 0.982691 0.968254 0.982691
1.045e-06 0.983501 0.968254 0.983501
1.05e-06 0.984292 0.968254 0.984292
1.055e-06 0.985063 0.968254 0.985063
1.06e-06 0.985816 0.968254 0.985816
1.065e-06 0.986549 0.968254 0.986549
1.07e-06 0.987263 0.968254 0.987263
1.075e-06 0.987958 0.968254 0.987958
1.08e-06 0.988634 0.968254 0.988634
1.085e-06 0.98929 0.984127 0.98929
1.09e-06 0.989927 0.984127 0.989927
1.095e-06 0.990545 0.984127 0.990545
1.1e-06 0.991144 0.984127 0.991144
1.105e-06 0.991723 0.984127 0.991723
1.11e-06 0.992282 0.984127 0.992282
1.115e-06 0.992822 0.984127 0.992822
1.12e-06 0.993343 0.984127 0.993343
1.125e-06 0.993844 0.984127 0.993844
1.13e-06 0.994326 0.984127 0.994326
1.135e-06 0.994788 0.984127 0.994788
1.14e-06 0.995231 0.984127 0.995231
1.145e-06 0.995654 0.984127 0.995654
1.15e-06 0.996057 0.984127 0.996057
1.155e-06 0.996441 0.984127 0.996441
1.16e-06 0.996806 0.984127 0.996806
1.165e-06 0.99715 0.984127 0.99715
1.17e-06 0.997475 0.984127 0.997475
1.175e-06 0.997781 0.984127 0.997781
1.18e-06 0.998067 0.984127 0.998067
1.185e-06 0.998333 1.0 0.998333
1.19e-06 0.998579 1.0 0.998579
1.195e-06 0.998806 1.0 0.998806
1.2e-06 0.999013 1.0 0.999013
1.205e-06 0.999201 1.0 0.999201
1.21e-06 0.999368 1.0 0.999368
1.215e-06 0.999516 1.0 0.999516
1.22e-06 0.999645 1.0 0.999645
1.225e-06 0.999753 1.0 0.999753
1.23e-06 0.999842 1.0 0.999842
1.235e-06 0.999911 1.0 0.999911
1.24e-06 0.999961 1.0 0.999961
1.245e-06 0.99999 1.0 0.99999
1.25e-06 1.0 1.0 1.0
1.255e-06 0.99999 1.0 0.99999
1.26e-06 0.999961 1.0 0.999961
1.265e-06 0.999911 1.0 0.999911
1.27e-06 0.999842 1.0 0.999842
1.275e-06 0.999753 1.0 0.999753
1.28e-06 0.999645 1.0 0.999645
1.285e-06 0.999516 1.0 0.999516
1.29e-06 0.999368 1.0 0.999368
1.295e-06 0.999201 1.0 0.999201
1.3e-06 0.999013 1.0 0.999013
1.305e-06 0.998806 1.0 0.998806
1.31e-06 0.998579 1.0 0.998579
1.315e-06 0.998333 1.0 0.998333
1.32e-06 0.998067 1.0 0.998067
1.325e-06 0.997781 1.0 0.997781
1.33e-06 0.997475 1.0 0.997475
1.335e-06 0.99715 1.0 0.99715
1.34e-06 0.996806 1.0 0.996806
1.345e-06 0.996441 1.0 0.996441
1.35e-06 0.996057 1.0 0.996057
1.355e-06 0.995654 1.0 0.995654
1.36e-06 0.995231 1.0 0.995231
1.365e-06 0.994788 1.0 0.994788
1.37e-06 0.994326 1.0 0.994326
1.375e-06 0.993844 1.0 0.993844
1.38e-06 0.993343 1.0 0.993343
1.385e-06 0.992822 1.0 0.992822
1.39e-06 0.992282 1.0 0.992282
1.395e-06 0.991723 1.0 0.991723
1.4e-06 0.991144 1.0 0.991144
1.405e-06 0.990545 1.0 0.990545
1.41e-06 0.989928 1.0 0.989928
1.415e-06 0.98929 1.0 0.98929
1.42e-06 0.988634 1.0 0.988634
1.425e-06 0.987958 1.0 0.987958
1.43e-06 0.987263 1.0 0.987263
1.435e-06 0.986549 1.0 0.986549
1.44e-06 0.985816 1.0 0.985816
1.445e-06 0.985063 1.0 0.985063
1.45e-06 0.984292 1.0 0.984292
1.455e-06 0.983501 1.0 0.983501
1.46e-06 0.982691 1.0 0.982691
1.465e-06 0.981862 1.0 0.981862
1.47e-06 0.981014 1.0 0.981014
1.475e-06 0.980147 1.0 0.980147
1.48e-06 0.979261 1.0 0.979261
1.485e-06 0.978356 1.0 0.978356
1.49e-06 0.977432 1.0 0.977432
1.495e-06 0.97649 1.0 0.97649
1.5e-06 0.975528 1.0 0.975528
1.505e-06 0.974548 1.0 0.974548
1.51e-06 0.973549 1.0 0.973549
1.515e-06 0.972531 1.0 0.972531
1.52e-06 0.971495 1.0 0.971495
1.525e-06 0.97044 1.0 0.97044
1.53e-06 0.969367 1.0 0.969367
1.535e-06 0.968275 1.0 0.968275
1.54e-06 0.967164 1.0 0.967164
1.545e-06 0.966036 1.0 0.966036
1.55e-06 0.964888 1.0 0.964888
1.555e-06 0.963723 1.0 0.963723
1.56e-06 0.962539 1.0 0.962539
1.565e-06 0.961336 1.0 0.961336
1.57e-06 0.960116 1.0 0.960116
1.575e-06 0.958877 1.0 0.958877
1.58e-06 0.957621 1.0 0.957621
1.585e-06 0.956346 0.984127 0.956346
1.59e-06 0.955053 0.984127 0.955053
1.595e-06 0.953742 0.984127 0.953742
1.6e-06 0.952414 0.984127 0.952414
1.605e-06 0.951067 0.984127 0.951067
1.61e-06 0.949703 0.984127 0.949703
1.615e-06 0.94832 0.984127 0.94832
1.62e-06 0.946921 0.984127 0.946921
1.625e-06 0.945503 0.984127 0.945503
1.63e-06 0.944068 0.984127 0.944068
1.635e-06 0.942616 0.984127 0.942616
1.64e-06 0.941146 0.984127 0.941146
1.645e-06 0.939658 0.984127 0.939658
1.65e-06 0.938153 0.984127 0.938153
1.655e-06 0.936631 0.984127 0.936631
1.66e-06 0.935092 0.984127 0.935092
1.665e-06 0.933535 0.984127 0.933535
1.67e-06 0.931962 0.984127 0.931962
1.675e-06 0.930371 0.984127 0.930371
1.68e-06 0.928763 0.984127 0.928763
1.685e-06 0.927139 0.968254 0.927139
1.69e-06 0.925497 0.968254 0.925497
1.695e-06 0.923839 0.968254 0.923839
1.7e-06 0.922164 0.968254 0.922164
1.705e-06 0.920472 0.968254 0.920472
1.71e-06 0.918764 0.968254 0.918764
1.715e-06 0.917039 0.968254 0.917039
1.72e-06 0.915298 0.968254 0.915298
1.725e-06 0.91354 0.968254 0.91354
1.73e-06 0.911766 0.968254 0.911766
1.735e-06 0.909976 0.968254 0.909976
1.74e-06 0.90817 0.968254 0.90817
1.745e-06 0.906347 0.968254 0.906347
1.75e-06 0.904508 0.968254 0.904508
1.755e-06 0.902654 0.968254 0.902654
1.76e-06 0.900783 0.968254 0.900783
1.765e-06 0.898897 0.968254 0.898897
1.77e-06 0.896995 0.968254 0.896995
1.775e-06 0.895077 0.968254 0.895077
1.78e-06 0.893144 0.968254 0.893144
1.785e-06 0.891195 0.936508 0.891195
1.79e-06 0.889231 0.936508 0.889231
1.795e-06 0.887252 0.936508 0.887252
1.8e-06 0.885257 0.936508 0.885257
1.805e-06 0.883247 0.936508 0.883247
1.81e-06 0.881221 0.936508 0.881221
1.815e-06 0.879181 0.936508 0.879181
1.82e-06 0.877126 0.936508 0.877126
1.825e-06 0.875055 0.936508 0.875055
1.83e-06 0.872971 0.936508 0.872971
1.835e-06 0.870871 0.936508 0.870871
1.84e-06 0.868757 0.936508 0.868757
1.845e-06 0.866628 0.936508 0.866628
1.85e-06 0.864484 0.936508 0.864484
1.855e-06 0.862327 0.936508 0.862327
1.86e-06 0.860155 0.936508 0.860155
1.865e-06 0.857968 0.936508 0.857968
1.87e-06 0.855768 0.936508 0.855768
1.875e-06 0.853553 0.936508 0.853553
1.88e-06 0.851325 0.936508 0.851325
1.885e-06 0.849083 0.888889 0.849083
1.89e-06 0.846827 0.888889 0.846827
1.895e-06 0.844557 0.888889 0.844557
1.9e-06 0.842274 0.888889 0.842274
1.905e-06 0.839977 0.888889 0.839977
1.91e-06 0.837666 0.888889 0.837666
1.915e-06 0.835343 0.888889 0.835343
1.92e-06 0.833006 0.888889 0.833006
1.925e-06 0.830656 0.888889 0.830656
1.93e-06 0.828293 0.888889 0.828293
1.935e-06 0.825917 0.888889 0.825917
1.94e-06 0.823528 0.888889 0.823528
1.945e-06 0.821126 0.888889 0.821126
1.95e-06 0.818712 0.888889 0.818712
1.955e-06 0.816285 0.888889 0.816285
1.96e-06 0.813846 0.888889 0.813846
1.965e-06 0.811394 0.888889 0.811394
1.97e-06 0.80893 0.888889 0.80893
1.975e-06 0.806453 0.888889 0.806453
1.98e-06 0.803965 0.888889 0.803965
1.985e-06 0.801465 0.857143 0.801465
1.99e-06 0.798952 0.857143 0.798952
1.995e-06 0.796428 0.857143 0.796428
2e-06 0.793893 0.857143 0.793893
2.005e-06 0.791345 0.857143 0.791345
2.01e-06 0.788786 0.857143 0.788786
2.015e-06 0.786216 0.857143 0.786216
2.02e-06 0.783634 0.857143 0.783634
2.025e-06 0.781042 0.857143 0.781042
2.03e-06 0.778438 0.857143 0.778438
2.035e-06 0.775823 0.857143 0.775823
2.04e-06 0.773197 0.857143 0.773197
2.045e-06 0.770561 0.857143 0.770561
2.05e-06 0.767913 0.857143 0.767913
2.055e-06 0.765256 0.857143 0.765256
2.06e-06 0.762587 0.857143 0.762587
2.065e-06 0.759909 0.857143 0.759909
2.07e-06 0.75722 0.857143 0.75722
2.075e-06 0.754521 0.857143 0.754521
2.08e-06 0.751812 0.857143 0.751812
2.085e-06 0.749093 0.809524 0.749093
2.09e-06 0.746364 0.809524 0.746364
2.095e-06 0.743625 0.809524 0.743625
2.1e-06 0.740877 0.809524 0.740877
2.105e-06 0.738119 0.809524 0.738119
2.11e-06 0.735352 0.809524 0.735352
2.115e-06 0.732575 0.809524 0.732575
2.12e-06 0.72979 0.809524 0.72979
2.125e-06 0.726995 0.809524 0.726995
2.13e-06 0.724192 0.809524 0.724192
2.135e-06 0.721379 0.809524 0.721379
2.14e-06 0.718558 0.809524 0.718558
2.145e-06 0.715728 0.809524 0.715728
2.15e-06 0.71289 0.809524 0.71289
2.155e-06 0.710043 0.809524 0.710043
2.16e-06 0.707188 0.809524 0.707188
2.165e-06 0.704325 0.809524 0.704325
2.17e-06 0.701453 0.809524 0.701453
2.175e-06 0.698574 0.809524 0.698574
2.18e-06 0.695687 0.809524 0.695687
2.185e-06 0.692792 0.746032 0.692792
2.19e-06 0.68989 0.746032 0.68989
2.195e-06 0.68698 0.746032 0.68698
2.2e-06 0.684062 0.746032 0.684062
2.205e-06 0.681138 0.746032 0.681138
2.21e-06 0.678206 0.746032 0.678206
2.215e-06 0.675267 0.746032 0.675267
2.22e-06 0.672321 0.746032 0.672321
2.225e-06 0.669369 0.746032 0.669369
2.23e-06 0.66641 0.746032 0.66641
2.235e-06 0.663444 0.746032 0.663444
2.24e-06 0.660472 0.746032 0.660472
2.245e-06 0.657493 0.746032 0.657493
2.25e-06 0.654508 0.746032 0.654508
2.255e-06 0.651518 0.746032 0.651518
2.26e-06 0.648521 0.746032 0.648521
2.265e-06 0.645518 0.746032 0.645518
2.27e-06 0.64251 0.746032 0.64251
2.275e-06 0.639496 0.746032 0.639496
2.28e-06 0.636476 0.746032 0.636476
2.285e-06 0.633451 0.698413 0.633451
2.29e-06 0.630421 0.698413 0.630421
2.295e-06 0.627385 0.698413 0.627385
2.3e-06 0.624345 0.698413 0.624345
2.305e-06 0.6213 0.698413 0.6213
2.31e-06 0.618249 0.698413 0.618249
2.315e-06 0.615195 0.698413 0.615195
2.32e-06 0.612135 0.698413 0.612135
2.325e-06 0.609072 0.698413 0.609072
2.33e-06 0.606004 0.698413 0.606004
2.335e-06 0.602931 0.698413 0.602931
2.34e-06 0.599855 0.698413 0.599855
2.345e-06 0.596775 0.698413 0.596775
2.35e-06 0.593691 0.698413 0.593691
2.355e-06 0.590603 0.698413 0.590603
2.36e-06 0.587512 0.698413 0.587512
2.365e-06 0.584417 0.698413 0.584417
2.37e-06 0.581319 0.698413 0.581319
2.375e-06 0.578217 0.698413 0.578217
2.38e-06 0.575113 0.698413 0.575113
2.385e-06 0.572005 0.634921 0.572005
2.39e-06 0.568895 0.634921 0.568895
2.395e-06 0.565782 0.634921 0.565782
2.4e-06 0.562667 0.634921 0.562667
2.405e-06 0.559549 0.634921 0.559549
2.41e-06 0.556428 0.634921 0.556428
2.415e-06 0.553306 0.634921 0.553306
2.42e-06 0.550181 0.634921 0.550181
2.425e-06 0.547054 0.634921 0.547054
2.43e-06 0.543926 0.634921 0.543926
2.435e-06 0.540795 0.634921 0.540795
2.44e-06 0.537663 0.634921 0.537663
2.445e-06 0.53453 0.634921 0.53453
2.45e-06 0.531395 0.634921 0.531395
2.455e-06 0.528259 0.634921 0.528259
2.46e-06 0.525122 0.634921 0.525122
2.465e-06 0.521984 0.634921 0.521984
2.47e-06 0.518845 0.634921 0.518845
2.475e-06 0.515705 0.634921 0.515705
2.48e-06 0.512565 0.634921 0.512565
2.485e-06 0.509424 0.571429 0.509424
2.49e-06 0.506283 0.571429 0.506283
2.495e-06 0.503142 0.571429 0.503142
2.5e-06 0.5 0.571429 0.5
2.505e-06 0.496858 0.571429 0.496858
2.51e-06 0.493717 0.571429 0.493717
2.515e-06 0.490576 0.571429 0.490576
2.52e-06 0.487435 0.571429 0.487435
2.525e-06 0.484295 0.571429 0.484295
2.53e-06 0.481155 0.571429 0.481155
2.535e-06 0.478016 0.571429 0.478016
2.54e-06 0.474878 0.571429 0.474878
2.545e-06 0.471741 0.571429 0.471741
2.55e-06 0.468605 0.571429 0.468605
2.555e-06 0.46547 0.571429 0.46547
2.56e-06 0.462337 0.571429 0.462337
2.565e-06 0.459205 0.571429 0.459205
2.57e-06 0.456074 0.571429 0.456074
2.575e-06 0.452946 0.571429 0.452946
2.58e-06 0.449819 0.571429 0.449819
2.585e-06 0.446694 0.507937 0.446694
2.59e-06 0.443572 0.507937 0.443572
2.595e-06 0.440451 0.507937 0.440451
2.6e-06 0.437333 0.507937 0.437333
2.605e-06 0.434218 0.507937 0.434218
2.61e-06 0.431105 0.507937 0.431105
2.615e-06 0.427995 0.507937 0.427995
2.62e-06 0.424887 0.507937 0.424887
2.625e-06 0.421783 0.507937 0.421783
2.63e-06 0.418681 0.507937 0.418681
2.635e-06 0.415583 0.507937 0.415583
2.64e-06 0.412488 0.507937 0.412488
2.645e-06 0.409397 0.507937 0.409397
2.65e-06 0.406309 0.507937 0.406309
2.655e-06 0.403225 0.507937 0.403225
2.66e-06 0.400145 0.507937 0.400145
2.665e-06 0.397069 0.507937 0.397069
2.67e-06 0.393996 0.507937 0.393996
2.675e-06 0.390928 0.507937 0.390928
2.68e-06 0.387865 0.507937 0.387865
2.685e-06 0.384805 0.444444 0.384805
2.69e-06 0.381751 0.444444 0.381751
2.695e-06 0.3787 0.444444 0.3787
2.7e-06 0.375655 0.444444 0.375655
2.705e-06 0.372615 0.444444 0.372615
2.71e-06 0.369579 0.444444 0.369579
2.715e-06 0.366549 0.444444 0.366549
2.72e-06 0.363524 0.444444 0.363524
2.725e-06 0.360504 0.444444 0.360504
2.73e-06 0.35749 0.444444 0.35749
2.735e-06 0.354482 0.444444 0.354482
2.74e-06 0.351479 0.444444 0.351479
2.745e-06 0.348482 0.444444 0.348482
2.75e-06 0.345492 0.444444 0.345492
2.755e-06 0.342507 0.444444 0.342507
2.76e-06 0.339528 0.444444 0.339528
2.765e-06 0.336556 0.444444 0.336556
2.77e-06 0.33359 0.444444 0.33359
2.775e-06 0.330631 0.444444 0.330631
2.78e-06 0.327679 0.444444 0.327679
2.785e-06 0.324733 0.380952 0.324733
2.79e-06 0.321794 0.380952 0.321794
2.795e-06 0.318862 0.380952 0.318862
2.8e-06 0.315938 0.380952 0.315938
2.805e-06 0.31302 0.380952 0.31302
2.81e-06 0.31011 0.380952 0.31011
2.815e-06 0.307208 0.380952 0.307208
2.82e-06 0.304313 0.380952 0.304313
2.825e-06 0.301426 0.380952 0.301426
2.83e-06 0.298547 0.380952 0.298547
2.835e-06 0.295676 0.380952 0.295676
2.84e-06 0.292812 0.380952 0.292812
2.845e-06 0.289957 0.380952 0.289957
2.85e-06 0.28711 0.380952 0.28711
2.855e-06 0.284272 0.380952 0.284272
2.86e-06 0.281442 0.380952 0.281442
2.865e-06 0.278621 0.380952 0.278621
2.87e-06 0.275808 0.380952 0.275808
2.875e-06 0.273005 0.380952 0.273005
2.88e-06 0.27021 0.380952 0.27021
2.885e-06 0.267424 0.31746 0.267424
2.89e-06 0.264648 0.31746 0.264648
2.895e-06 0.261881 0.31746 0.261881
2.9e-06 0.259123 0.31746 0.259123
2.905e-06 0.256375 0.31746 0.256375
2.91e-06 0.253636 0.31746 0.253636
2.915e-06 0.250907 0.31746 0.250907
2.92e-06 0.248188 0.31746 0.248188
2.925e-06 0.245479 0.31746 0.245479
2.93e-06 0.24278 0.31746 0.24278
2.935e-06 0.240091 0.31746 0.240091
2.94e-06 0.237413 0.31746 0.237413
2.945e-06 0.234744 0.31746 0.234744
2.95e-06 0.232087 0.31746 0.232087
2.955e-06 0.229439 0.31746 0.229439
2.96e-06 0.226803 0.31746 0.226803
2.965e-06 0.224177 0.31746 0.224177
2.97e-06 0.221562 0.31746 0.221562
2.975e-06 0.218958 0.31746 0.218958
2.98e-06 0.216366 0.31746 0.216366
2.985e-06 0.213784 0.253968 0.213784
2.99e-06 0.211214 0.253968 0.211214
2.995e-06 0.208655 0.253968 0.208655
3e-06 0.206107 0.253968 0.206107
3.005e-06 0.203572 0.253968 0.203572
3.01e-06 0.201048 0.253968 0.201048
3.015e-06 0.198535 0.253968 0.198535
3.02e-06 0.196035 0.253968 0.196035
3.025e-06 0.193547 0.253968 0.193547
3.03e-06 0.19107 0.253968 0.19107
3.035e-06 0.188606 0.253968 0.188606
3.04e-06 0.186154 0.253968 0.186154
3.045e-06 0.183715 0.253968 0.183715
3.05e-06 0.181288 0.253968 0.181288
3.055e-06 0.178874 0.253968 0.178874
3.06e-06 0.176472 0.253968 0.176472
3.065e-06 0.174083 0.253968 0.174083
3.07e-06 0.171707 0.253968 0.171707
3.075e-06 0.169344 0.253968 0.169344
3.08e-06 0.166994 0.253968 0.166994
3.085e-06 0.164657 0.206349 0.164657
3.09e-06 0.162334 0.206349 0.162334
3.095e-06 0.160023 0.206349 0.160023
3.1e-06 0.157726 0.206349 0.157726
3.105e-06 0.155443 0.206349 0.155443
3.11e-06 0.153173 0.206349 0.153173
3.115e-06 0.150917 0.206349 0.150917
3.12e-06 0.148675 0.206349 0.148675
3.125e-06 0.146447 0.206349 0.146447
3.13e-06 0.144232 0.206349 0.144232
3.135e-06 0.142032 0.206349 0.142032
3.14e-06 0.139845 0.206349 0.139845
3.145e-06 0.137673 0.206349 0.137673
3.15e-06 0.135516 0.206349 0.135516
3.155e-06 0.133372 0.206349 0.133372
3.16e-06 0.131243 0.206349 0.131243
3.165e-06 0.129129 0.206349 0.129129
3.17e-06 0.127029 0.206349 0.127029
3.175e-06 0.124945 0.206349 0.124945
3.18e-06 0.122874 0.206349 0.122874
3.185e-06 0.120819 0.15873 0.120819
3.19e-06 0.118779 0.15873 0.118779
3.195e-06 0.116754 0.15873 0.116754
3.2e-06 0.114743 0.15873 0.114743
3.205e-06 0.112748 0.15873 0.112748
3.21e-06 0.110769 0.15873 0.110769
3.215e-06 0.108805 0.15873 0.108805
3.22e-06 0.106856 0.15873 0.106856
3.225e-06 0.104923 0.15873 0.104923
3.23e-06 0.103005 0.15873 0.103005
3.235e-06 0.101103 0.15873 0.101103
3.24e-06 0.0992165 0.15873 0.0992165
3.245e-06 0.0973461 0.15873 0.0973461
3.25e-06 0.0954915 0.15873 0.0954915
3.255e-06 0.0936529 0.15873 0.0936529
3.26e-06 0.0918304 0.15873 0.0918304
3.265e-06 0.090024 0.15873 0.090024
3.27e-06 0.0882337 0.15873 0.0882337
3.275e-06 0.0864598 0.15873 0.0864598
3.28e-06 0.0847021 0.15873 0.0847021
3.285e-06 0.0829608 0.111111 0.0829608
3.29e-06 0.081236 0.111111 0.081236
3.295e-06 0.0795277 0.111111 0.0795277
3.3e-06 0.077836 0.111111 0.077836
3.305e-06 0.076161 0.111111 0.076161
3.31e-06 0.0745028 0.111111 0.0745028
3.315e-06 0.0728614 0.111111 0.0728614
3.32e-06 0.0712367 0.111111 0.0712367
3.325e-06 0.0696291 0.111111 0.0696291
3.33e-06 0.0680384 0.111111 0.0680384
3.335e-06 0.0664647 0.111111 0.0664647
3.34e-06 0.0649081 0.111111 0.0649081
3.345e-06 0.0633688 0.111111 0.0633688
3.35e-06 0.0618467 0.111111 0.0618467
3.355e-06 0.0603418 0.111111 0.0603418
3.36e-06 0.0588544 0.111111 0.0588544
3.365e-06 0.0573844 0.111111 0.0573844
3.37e-06 0.0559318 0.111111 0.0559318
3.375e-06 0.0544968 0.111111 0.0544968
3.38e-06 0.0530794 0.111111 0.0530794
3.385e-06 0.0516795 0.0793651 0.0516795
3.39e-06 0.0502974 0.0793651 0.0502974
3.395e-06 0.0489331 0.0793651 0.0489331
3.4e-06 0.0475865 0.0793651 0.0475865
3.405e-06 0.0462578 0.0793651 0.0462578
3.41e-06 0.044947 0.0793651 0.044947
3.415e-06 0.0436543 0.0793651 0.0436543
3.42e-06 0.0423794 0.0793651 0.0423794
3.425e-06 0.0411228 0.0793651 0.0411228
3.43e-06 0.0398842 0.0793651 0.0398842
3.435e-06 0.0386637 0.0793651 0.0386637
3.44e-06 0.0374614 0.0793651 0.0374614
3.445e-06 0.0362774 0.0793651 0.0362774
3.45e-06 0.0351118 0.0793651 0.0351118
3.455e-06 0.0339644 0.0793651 0.0339644
3.46e-06 0.0328355 0.0793651 0.0328355
3.465e-06 0.0317251 0.0793651 0.0317251
3.47e-06 0.0306331 0.0793651 0.0306331
3.475e-06 0.0295597 0.0793651 0.0295597
3.48e-06 0.0285048 0.0793651 0.0285048
3.485e-06 0.0274685 0.047619 0.0274685
3.49e-06 0.0264509 0.047619 0.0264509
3.495e-06 0.025452 0.047619 0.025452
3.5e-06 0.0244717 0.047619 0.0244717
3.505e-06 0.0235103 0.047619 0.0235103
3.51e-06 0.0225677 0.047619 0.0225677
3.515e-06 0.021644 0.047619 0.021644
3.52e-06 0.0207391 0.047619 0.0207391
3.525e-06 0.0198533 0.047619 0.0198533
3.53e-06 0.0189862 0.047619 0.0189862
3.535e-06 0.0181383 0.047619 0.0181383
3.54e-06 0.0173092 0.047619 0.0173092
3.545e-06 0.0164993 0.047619 0.0164993
3.55e-06 0.0157084 0.047619 0.0157084
3.555e-06 0.0149367 0.047619 0.0149367
3.56e-06 0.0141841 0.047619 0.0141841
3.565e-06 0.0134508 0.047619 0.0134508
3.57e-06 0.0127366 0.047619 0.0127366
3.575e-06 0.0120416 0.047619 0.0120416
3.58e-06 0.011366 0.047619 0.011366
3.585e-06 0.0107096 0.015873 0.0107096
3.59e-06 0.0100725 0.015873 0.0100725
3.595e-06 0.00945478 0.015873 0.00945478
3.6e-06 0.00885638 0.015873 0.00885638
3.605e-06 0.0082774 0.015873 0.0082774
3.61e-06 0.00771783 0.015873 0.00771783
3.615e-06 0.00717778 0.015873 0.00717778
3.62e-06 0.00665704 0.015873 0.00665704
3.625e-06 0.00615586 0.015873 0.00615586
3.63e-06 0.00567417 0.015873 0.00567417
3.635e-06 0.00521197 0.015873 0.00521197
3.64e-06 0.0047693 0.015873 0.0047693
3.645e-06 0.0043462 0.015873 0.0043462
3.65e-06 0.00394265 0.015873 0.00394265
3.655e-06 0.0035587 0.015873 0.0035587
3.66e-06 0.00319435 0.015873 0.00319435
3.665e-06 0.00284962 0.015873 0.00284962
3.67e-06 0.00252455 0.015873 0.00252455
3.675e-06 0.00221908 0.015873 0.00221908
3.68e-06 0.00193323 0.015873 0.00193323
3.685e-06 0.00166712 -4.19121e-12 0.00166712
3.69e-06 0.00142062 -1.67312e-16 0.00142062
3.695e-06 0.00119378 -2.62701e-21 0.00119378
3.7e-06 0.000986639 -1.0069e-29 0.000986639
3.705e-06 0.000799226 3.12566e-29 0.000799226
3.71e-06 0.000631525 -3.71091e-35 0.000631525
3.715e-06 0.000483599 -4.39187e-48 0.000483599
3.72e-06 0.000355294 1.7911e-63 0.000355294
3.725e-06 0.00024681 -1.05778e-87 0.00024681
3.73e-06 0.000157924 2.40076e-94 0.000157924
3.735e-06 8.89122e-05 1.88256e-122 8.89122e-05
3.74e-06 3.94877e-05 2.09639e-130 3.94877e-05
3.745e-06 9.89282e-06 -1.26341e-153 9.89282e-06
3.75e-06 2.93792e-10 1.78521e-161 2.93792e-10
3.755e-06 9.87036e-06 -4.06152e-161 9.87036e-06
3.76e-06 3.94804e-05 5.65905e-187 3.94804e-05
3.765e-06 8.88364e-05 -9.49934e-202 8.88364e-05
3.77e-06 0.000157972 1.32026e-230 0.000157972
3.775e-06 0.000246776 5.95604e-245 0.000246776
3.78e-06 0.000355361 3.67091e-269 0.000355361
3.785e-06 0.00048363 -3.77275e-285 0.00048363
3.79e-06 0.000631592 -1.00781e-289 0.000631592
3.795e-06 0.000799261 -1.52069e-294 0.000799261
3.8e-06 0.000986639 -5.24287e-303 0.000986639
3.805e-06 0.00119375 2.02923e-302 0.00119375
3.81e-06 0.00142055 -2.35373e-308 0.00142055
3.815e-06 0.00166709 6.84e-321 0.00166709
3.82e-06 0.00193323 0.0 0.00193323
3.825e-06 0.00221911 0.0 0.00221911
3.83e-06 0.00252453 0.0 0.00252453
3.835e-06 0.0028497 0.0 0.0028497
3.84e-06 0.00319436 0.0 0.00319436
3.845e-06 0.00355872 0.0 0.00355872
3.85e-06 0.00394265 0.0 0.00394265
3.855e-06 0.00434618 0.0 0.00434618
3.86e-06 0.00476929 0.0 0.00476929
3.865e-06 0.00521196 0.0 0.00521196
3.87e-06 0.00567421 0.0 0.00567421
3.875e-06 0.00615585 0.0 0.00615585
3.88e-06 0.00665704 0.0 0.00665704
3.885e-06 0.00717774 0.0 0.00717774
3.89e-06 0.0077179 0.0 0.0077179
3.895e-06 0.00827743 0.0 0.00827743
3.9e-06 0.00885638 0.0 0.00885638
3.905e-06 0.00945474 0.0 0.00945474
3.91e-06 0.0100725 0.0 0.0100725
3.915e-06 0.0107096 0.0 0.0107096
3.92e-06 0.011366 0.0 0.011366
3.925e-06 0.0120417 0.0 0.0120417
3.93e-06 0.0127366 0.0 0.0127366
3.935e-06 0.0134508 0.0 0.0134508
3.94e-06 0.0141841 0.0 0.0141841
3.945e-06 0.0149367 0.0 0.0149367
3.95e-06 0.0157084 0.0 0.0157084
3.955e-06 0.0164993 0.0 0.0164993
3.96e-06 0.0173092 0.0 0.0173092
3.965e-06 0.0181382 0.0 0.0181382
3.97e-06 0.0189862 0.0 0.0189862
3.975e-06 0.0198532 0.0 0.0198532
3.98e-06 0.0207392 0.0 0.0207392
3.985e-06 0.021644 0.0 0.021644
3.99e-06 0.0225678 0.0 0.0225678
3.995e-06 0.0235104 0.0 0.0235104
4e-06 0.0244717 0.0 0.0244717
4.005e-06 0.0254519 0.0 0.0254519
4.01e-06 0.0264509 0.0 0.0264509
4.015e-06 0.0274685 0.0 0.0274685
4.02e-06 0.0285048 0.0 0.0285048
4.025e-06 0.0295597 0.0 0.0295597
4.03e-06 0.0306331 0.0 0.0306331
4.035e-06 0.0317251 0.0 0.0317251
4.04e-06 0.0328355 0.0 0.0328355
4.045e-06 0.0339644 0.0 0.0339644
4.05e-06 0.0351118 0.0 0.0351118
4.055e-06 0.0362774 0.0 0.0362774
4.06e-06 0.0374614 0.0 0.0374614
4.065e-06 0.0386636 0.0 0.0386636
4.07e-06 0.0398841 0.0 0.0398841
4.075e-06 0.0411227 0.0 0.0411227
4.08e-06 0.0423795 0.0 0.0423795
4.085e-06 0.0436543 0.015873 0.0436543
4.09e-06 0.0449471 0.015873 0.0449471
4.095e-06 0.0462578 0.015873 0.0462578
4.1e-06 0.0475865 0.015873 0.0475865
4.105e-06 0.048933 0.015873 0.048933
4.11e-06 0.0502974 0.015873 0.0502974
4.115e-06 0.0516795 0.015873 0.0516795
4.12e-06 0.0530793 0.015873 0.0530793
4.125e-06 0.0544968 0.015873 0.0544968
4.13e-06 0.0559319 0.015873 0.0559319
4.135e-06 0.0573844 0.015873 0.0573844
4.14e-06 0.0588544 0.015873 0.0588544
4.145e-06 0.0603419 0.015873 0.0603419
4.15e-06 0.0618467 0.015873 0.0618467
4.155e-06 0.0633688 0.015873 0.0633688
4.16e-06 0.0649081 0.015873 0.0649081
4.165e-06 0.0664647 0.015873 0.0664647
4.17e-06 0.0680384 0.015873 0.0680384
4.175e-06 0.0696291 0.015873 0.0696291
4.18e-06 0.0712367 0.015873 0.0712367
4.185e-06 0.0728614 0.047619 0.0728614
4.19e-06 0.0745028 0.047619 0.0745028
4.195e-06 0.0761611 0.047619 0.0761611
4.2e-06 0.077836 0.047619 0.077836
4.205e-06 0.0795277 0.047619 0.0795277
4.21e-06 0.081236 0.047619 0.081236
4.215e-06 0.0829608 0.047619 0.0829608
4.22e-06 0.0847021 0.047619 0.0847021
4.225e-06 0.0864598 0.047619 0.0864598
4.23e-06 0.0882338 0.047619 0.0882338
4.235e-06 0.090024 0.047619 0.090024
4.24e-06 0.0918304 0.047619 0.0918304
4.245e-06 0.0936529 0.047619 0.0936529
4.25e-06 0.0954915 0.047619 0.0954915
4.255e-06 0.0973461 0.047619 0.0973461
4.26e-06 0.0992165 0.047619 0.0992165
4.265e-06 0.101103 0.047619 0.101103
4.27e-06 0.103005 0.047619 0.103005
4.275e-06 0.104923 0.047619 0.104923
4.28e-06 0.106856 0.047619 0.106856
4.285e-06 0.108805 0.0793651 0.108805
4.29e-06 0.110769 0.0793651 0.110769
4.295e-06 0.112748 0.0793651 0.112748
4.3e-06 0.114743 0.0793651 0.114743
4.305e-06 0.116753 0.0793651 0.116753
4.31e-06 0.118779 0.0793651 0.118779
4.315e-06 0.120819 0.0793651 0.120819
4.32e-06 0.122874 0.0793651 0.122874
4.325e-06 0.124945 0.0793651 0.124945
4.33e-06 0.127029 0.0793651 0.127029
4.335e-06 0.129129 0.0793651 0.129129
4.34e-06 0.131243 0.0793651 0.131243
4.345e-06 0.133372 0.0793651 0.133372
4.35e-06 0.135516 0.0793651 0.135516
4.355e-06 0.137673 0.0793651 0.137673
4.36e-06 0.139845 0.0793651 0.139845
4.365e-06 0.142032 0.0793651 0.142032
4.37e-06 0.144232 0.0793651 0.144232
4.375e-06 0.146447 0.0793651 0.146447
4.38e-06 0.148675 0.0793651 0.148675
4.385e-06 0.150917 0.111111 0.150917
4.39e-06 0.153173 0.111111 0.153173
4.395e-06 0.155443 0.111111 0.155443
4.4e-06 0.157726 0.111111 0.157726
4.405e-06 0.160023 0.111111 0.160023
4.41e-06 0.162334 0.111111 0.162334
4.415e-06 0.164657 0.111111 0.164657
4.42e-06 0.166994 0.111111 0.166994
4.425e-06 0.169344 0.111111 0.169344
4.43e-06 0.171707 0.111111 0.171707
4.435e-06 0.174083 0.111111 0.174083
4.44e-06 0.176472 0.111111 0.176472
4.445e-06 0.178874 0.111111 0.178874
4.45e-06 0.181288 0.111111 0.181288
4.455e-06 0.183715 0.111111 0.183715
4.46e-06 0.186154 0.111111 0.186154
4.465e-06 0.188606 0.111111 0.188606
4.47e-06 0.19107 0.111111 0.19107
4.475e-06 0.193546 0.111111 0.193546
4.48e-06 0.196035 0.111111 0.196035
4.485e-06 0.198535 0.15873 0.198535
4.49e-06 0.201048 0.15873 0.201048
4.495e-06 0.203572 0.15873 0.203572
4.5e-06 0.206107 0.15873 0.206107
4.505e-06 0.208655 0.15873 0.208655
4.51e-06 0.211214 0.15873 0.211214
4.515e-06 0.213784 0.15873 0.213784
4.52e-06 0.216366 0.15873 0.216366
4.525e-06 0.218958 0.15873 0.218958
4.53e-06 0.221562 0.15873 0.221562
4.535e-06 0.224177 0.15873 0.224177
4.54e-06 0.226803 0.15873 0.226803
4.545e-06 0.229439 0.15873 0.229439
4.55e-06 0.232087 0.15873 0.232087
4.555e-06 0.234744 0.15873 0.234744
4.56e-06 0.237413 0.15873 0.237413
4.565e-06 0.240091 0.15873 0.240091
4.57e-06 0.24278 0.15873 0.24278
4.575e-06 0.245479 0.15873 0.245479
4.58e-06 0.248188 0.15873 0.248188
4.585e-06 0.250907 0.206349 0.250907
4.59e-06 0.253636 0.206349 0.253636
4.595e-06 0.256375 0.206349 0.256375
4.6e-06 0.259123 0.206349 0.259123
4.605e-06 0.261881 0.206349 0.261881
4.61e-06 0.264648 0.206349 0.264648
4.615e-06 0.267424 0.206349 0.267424
4.62e-06 0.27021 0.206349 0.27021
4.625e-06 0.273005 0.206349 0.273005
4.63e-06 0.275808 0.206349 0.275808
4.635e-06 0.278621 0.206349 0.278621
4.64e-06 0.281442 0.206349 0.281442
4.645e-06 0.284272 0.206349 0.284272
4.65e-06 0.28711 0.206349 0.28711
4.655e-06 0.289957 0.206349 0.289957
4.66e-06 0.292812 0.206349 0.292812
4.665e-06 0.295675 0.206349 0.295675
4.67e-06 0.298547 0.206349 0.298547
4.675e-06 0.301426 0.206349 0.301426
4.68e-06 0.304313 0.206349 0.304313
4.685e-06 0.307208 0.253968 0.307208
4.69e-06 0.31011 0.253968 0.31011
4.695e-06 0.31302 0.253968 0.31302
4.7e-06 0.315938 0.253968 0.315938
4.705e-06 0.318862 0.253968 0.318862
4.71e-06 0.321794 0.253968 0.321794
4.715e-06 0.324733 0.253968 0.324733
4.72e-06 0.327679 0.253968 0.327679
4.725e-06 0.330631 0.253968 0.330631
4.73e-06 0.33359 0.253968 0.33359
4.735e-06 0.336556 0.253968 0.336556
4.74e-06 0.339528 0.253968 0.339528
4.745e-06 0.342507 0.253968 0.342507
4.75e-06 0.345492 0.253968 0.345492
4.755e-06 0.348482 0.253968 0.348482
4.76e-06 0.351479 0.253968 0.351479
4.765e-06 0.354482 0.253968 0.354482
4.77e-06 0.35749 0.253968 0.35749
4.775e-06 0.360504 0.253968 0.360504
4.78e-06 0.363524 0.253968 0.363524
4.785e-06 0.366549 0.31746 0.366549
4.79e-06 0.369579 0.31746 0.369579
4.795e-06 0.372615 0.31746 0.372615
4.8e-06 0.375655 0.31746 0.375655
4.805e-06 0.3787 0.31746 0.3787
4.81e-06 0.381751 0.31746 0.381751
4.815e-06 0.384805 0.31746 0.384805
4.82e-06 0.387865 0.31746 0.387865
4.825e-06 0.390928 0.31746 0.390928
4.83e-06 0.393996 0.31746 0.393996
4.835e-06 0.397069 0.31746 0.397069
4.84e-06 0.400145 0.31746 0.400145
4.845e-06 0.403225 0.31746 0.403225
4.85e-06 0.406309 0.31746 0.406309
4.855e-06 0.409397 0.31746 0.409397
4.86e-06 0.412488 0.31746 0.412488
4.865e-06 0.415583 0.31746 0.415583
4.87e-06 0.418681 0.31746 0.418681
4.875e-06 0.421783 0.31746 0.421783
4.88e-06 0.424887 0.31746 0.424887
4.885e-06 0.427995 0.380952 0.427995
4.89e-06 0.431105 0.380952 0.431105
4.895e-06 0.434218 0.380952 0.434218
4.9e-06 0.437333 0.380952 0.437333
4.905e-06 0.440451 0.380952 0.440451
4.91e-06 0.443572 0.380952 0.443572
4.915e-06 0.446694 0.380952 0.446694
4.92e-06 0.449819 0.380952 0.449819
4.925e-06 0.452946 0.380952 0.452946
4.93e-06 0.456074 0.380952 0.456074
4.935e-06 0.459205 0.380952 0.459205
4.94e-06 0.462337 0.380952 0.462337
4.945e-06 0.46547 0.380952 0.46547
4.95e-06 0.468605 0.380952 0.468605
4.955e-06 0.471741 0.380952 0.471741
4.96e-06 0.474878 0.380952 0.474878
4.965e-06 0.478016 0.380952 0.478016
4.97e-06 0.481155 0.380952 0.481155
4.975e-06 0.484295 0.380952 0.484295
4.98e-06 0.487435 0.380952 0.487435
4.985e-06 0.490576 0.444444 0.490576
4.99e-06 0.493717 0.444444 0.493717
4.995e-06 0.496858 0.444444 0.496858
5e-06 0.5 0.444444 0.5
5.005e-06 0.503142 0.444444 0.503142
5.01e-06 0.506283 0.444444 0.506283
5.015e-06 0.509424 0.444444 0.509424
5.02e-06 0.512565 0.444444 0.512565
5.025e-06 0.515705 0.444444 0.515705
5.03e-06 0.518845 0.444444 0.518845
5.035e-06 0.521984 0.444444 0.521984
5.04e-06 0.525122 0.444444 0.525122
5.045e-06 0.528259 0.444444 0.528259
5.05e-06 0.531395 0.444444 0.531395
5.055e-06 0.53453 0.444444 0.53453
5.06e-06 0.537663 0.444444 0.537663
5.065e-06 0.540795 0.444444 0.540795
5.07e-06 0.543926 0.444444 0.543926
5.075e-06 0.547054 0.444444 0.547054
5.08e-06 0.550181 0.444444 0.550181
5.085e-06 0.553306 0.507937 0.553306
5.09e-06 0.556428 0.507937 0.556428
5.095e-06 0.559549 0.507937 0.559549
5.1e-06 0.562667 0.507937 0.562667
5.105e-06 0.565782 0.507937 0.565782
5.11e-06 0.568895 0.507937 0.568895
5.115e-06 0.572005 0.507937 0.572005
5.12e-06 0.575113 0.507937 0.575113
5.125e-06 0.578217 0.507937 0.578217
5.13e-06 0.581319 0.507937 0.581319
5.135e-06 0.584417 0.507937 0.584417
5.14e-06 0.587512 0.507937 0.587512
5.145e-06 0.590603 0.507937 0.590603
5.15e-06 0.593691 0.507937 0.593691
5.155e-06 0.596775 0.507937 0.596775
5.16e-06 0.599855 0.507937 0.599855
5.165e-06 0.602931 0.507937 0.602931
5.17e-06 0.606004 0.507937 0.606004
5.175e-06 0.609072 0.507937 0.609072
5.18e-06 0.612135 0.507937 0.612135
5.185e-06 0.615195 0.571429 0.615195
5.19e-06 0.618249 0.571429 0.618249
5.195e-06 0.6213 0.571429 0.6213
5.2e-06 0.624345 0.571429 0.624345
5.205e-06 0.627385 0.571429 0.627385
5.21e-06 0.630421 0.571429 0.630421
5.215e-06 0.633451 0.571429 0.633451
5.22e-06 0.636476 0.571429 0.636476
5.225e-06 0.639496 0.571429 0.639496
5.23e-06 0.64251 0.571429 0.64251
5.235e-06 0.645518 0.571429 0.645518
5.24e-06 0.648521 0.571429 0.648521
5.245e-06 0.651518 0.571429 0.651518
5.25e-06 0.654508 0.571429 0.654508
5.255e-06 0.657493 0.571429 0.657493
5.26e-06 0.660472 0.571429 0.660472
5.265e-06 0.663444 0.571429 0.663444
5.27e-06 0.66641 0.571429 0.66641
5.275e-06 0.669369 0.571429 0.669369
5.28e-06 0.672321 0.571429 0.672321
5.285e-06 0.675267 0.634921 0.675267
5.29e-06 0.678206 0.634921 0.678206
5.295e-06 0.681138 0.634921 0.681138
5.3e-06 0.684062 0.634921 0.684062
5.305e-06 0.68698 0.634921 0.68698
5.31e-06 0.68989 0.634921 0.68989
5.315e-06 0.692792 0.634921 0.692792
5.32e-06 0.695687 0.634921 0.695687
5.325e-06 0.698574 0.634921 0.698574
5.33e-06 0.701453 0.634921 0.701453
5.335e-06 0.704325 0.634921 0.704325
5.34e-06 0.707188 0.634921 0.707188
5.345e-06 0.710043 0.634921 0.710043
5.35e-06 0.71289 0.634921 0.71289
5.355e-06 0.715728 0.634921 0.715728
5.36e-06 0.718558 0.634921 0.718558
5.365e-06 0.721379 0.634921 0.721379
5.37e-06 0.724192 0.634921 0.724192
5.375e-06 0.726995 0.634921 0.726995
5.38e-06 0.72979 0.634921 0.72979
5.385e-06 0.732575 0.68254 0.732575
5.39e-06 0.735352 0.68254 0.735352
5.395e-06 0.738119 0.68254 0.738119
5.4e-06 0.740877 0.68254 0.740877
5.405e-06 0.743625 0.68254 0.743625
5.41e-06 0.746364 0.68254 0.746364
5.415e-06 0.749093 0.68254 0.749093
5.42e-06 0.751812 0.68254 0.751812
5.425e-06 0.754521 0.68254 0.754521
5.43e-06 0.75722 0.68254 0.75722
5.435e-06 0.759909 0.68254 0.759909
5.44e-06 0.762587 0.68254 0.762587
5.445e-06 0.765256 0.68254 0.765256
5.45e-06 0.767913 0.68254 0.767913
5.455e-06 0.770561 0.68254 0.770561
5.46e-06 0.773197 0.68254 0.773197
5.465e-06 0.775823 0.68254 0.775823
5.47e-06 0.778438 0.68254 0.778438
5.475e-06 0.781042 0.68254 0.781042
5.48e-06 0.783634 0.68254 0.783634
5.485e-06 0.786216 0.746032 0.786216
5.49e-06 0.788786 0.746032 0.788786
5.495e-06 0.791345 0.746032 0.791345
5.5e-06 0.793893 0.746032 0.793893
5.505e-06 0.796428 0.746032 0.796428
5.51e-06 0.798952 0.746032 0.798952
5.515e-06 0.801465 0.746032 0.801465
5.52e-06 0.803965 0.746032 0.803965
5.525e-06 0.806453 0.746032 0.806453
5.53e-06 0.80893 0.746032 0.80893
5.535e-06 0.811394 0.746032 0.811394
5.54e-06 0.813846 0.746032 0.813846
5.545e-06 0.816285 0.746032 0.816285
5.55e-06 0.818712 0.746032 0.818712
5.555e-06 0.821126 0.746032 0.821126
5.56e-06 0.823528 0.746032 0.823528
5.565e-06 0.825917 0.746032 0.825917
5.57e-06 0.828293 0.746032 0.828293
5.575e-06 0.830656 0.746032 0.830656
5.58e-06 0.833006 0.746032 0.833006
5.585e-06 0.835343 0.793651 0.835343
5.59e-06 0.837666 0.793651 0.837666
5.595e-06 0.839977 0.793651 0.839977
5.6e-06 0.842274 0.793651 0.842274
5.605e-06 0.844557 0.793651 0.844557
5.61e-06 0.846827 0.793651 0.846827
5.615e-06 0.849083 0.793651 0.849083
5.62e-06 0.851325 0.793651 0.851325
5.625e-06 0.853553 0.793651 0.853553
5.63e-06 0.855768 0.793651 0.855768
5.635e-06 0.857968 0.793651 0.857968
5.64e-06 0.860154 0.793651 0.860154
5.645e-06 0.862327 0.793651 0.862327
5.65e-06 0.864484 0.793651 0.864484
5.655e-06 0.866628 0.793651 0.866628
5.66e-06 0.868757 0.793651 0.868757
5.665e-06 0.870871 0.793651 0.870871
5.67e-06 0.872971 0.793651 0.872971
5.675e-06 0.875055 0.793651 0.875055
5.68e-06 0.877126 0.793651 0.877126
5.685e-06 0.879181 0.857143 0.879181
5.69e-06 0.881221 0.857143 0.881221
5.695e-06 0.883246 0.857143 0.883246
5.7e-06 0.885257 0.857143 0.885257
5.705e-06 0.887252 0.857143 0.887252
5.71e-06 0.889231 0.857143 0.889231
5.715e-06 0.891195 0.857143 0.891195
5.72e-06 0.893144 0.857143 0.893144
5.725e-06 0.895077 0.857143 0.895077
5.73e-06 0.896995 0.857143 0.896995
5.735e-06 0.898897 0.857143 0.898897
5.74e-06 0.900783 0.857143 0.900783
5.745e-06 0.902654 0.857143 0.902654
5.75e-06 0.904508 0.857143 0.904508
5.755e-06 0.906347 0.857143 0.906347
5.76e-06 0.90817 0.857143 0.90817
5.765e-06 0.909976 0.857143 0.909976
5.77e-06 0.911766 0.857143 0.911766
5.775e-06 0.91354 0.857143 0.91354
5.78e-06 0.915298 0.857143 0.915298
5.785e-06 0.917039 0.888889 0.917039
5.79e-06 0.918764 0.888889 0.918764
5.795e-06 0.920472 0.888889 0.920472
5.8e-06 0.922164 0.888889 0.922164
5.805e-06 0.923839 0.888889 0.923839
5.81e-06 0.925497 0.888889 0.925497
5.815e-06 0.927139 0.888889 0.927139
5.82e-06 0.928763 0.888889 0.928763
5.825e-06 0.930371 0.888889 0.930371
5.83e-06 0.931962 0.888889 0.931962
5.835e-06 0.933535 0.888889 0.933535
5.84e-06 0.935092 0.888889 0.935092
5.845e-06 0.936631 0.888889 0.936631
5.85e-06 0.938153 0.888889 0.938153
5.855e-06 0.939658 0.888889 0.939658
5.86e-06 0.941146 0.888889 0.941146
5.865e-06 0.942616 0.888889 0.942616
5.87e-06 0.944068 0.888889 0.944068
5.875e-06 0.945503 0.888889 0.945503
5.88e-06 0.946921 0.888889 0.946921
5.885e-06 0.94832 0.936508 0.94832
5.89e-06 0.949703 0.936508 0.949703
5.895e-06 0.951067 0.936508 0.951067
5.9e-06 0.952414 0.936508 0.952414
5.905e-06 0.953742 0.936508 0.953742
5.91e-06 0.955053 0.936508 0.955053
5.915e-06 0.956346 0.936508 0.956346
5.92e-06 0.957621 0.936508 0.957621
5.925e-06 0.958877 0.936508 0.958877
5.93e-06 0.960116 0.936508 0.960116
5.935e-06 0.961336 0.936508 0.961336
5.94e-06 0.962539 0.936508 0.962539
5.945e-06 0.963723 0.936508 0.963723
5.95e-06 0.964888 0.936508 0.964888
5.955e-06 0.966036 0.936508 0.966036
5.96e-06 0.967164 0.936508 0.967164
5.965e-06 0.968275 0.936508 0.968275
5.97e-06 0.969367 0.936508 0.969367
5.975e-06 0.97044 0.936508 0.97044
5.98e-06 0.971495 0.936508 0.971495
5.985e-06 0.972532 0.968254 0.972532
5.99e-06 0.973549 0.968254 0.973549
5.995e-06 0.974548 0.968254 0.974548
6e-06 0.975528 0.968254 0.975528
6.005e-06 0.97649 0.968254 0.97649
6.01e-06 0.977432 0.968254 0.977432
6.015e-06 0.978356 0.968254 0.978356
6.02e-06 0.979261 0.968254 0.979261
6.025e-06 0.980147 0.968254 0.980147
6.03e-06 0.981014 0.968254 0.981014
6.035e-06 0.981862 0.968254 0.981862
6.04e-06 0.982691 0.968254 0.982691
6.045e-06 0.983501 0.968254 0.983501
6.05e-06 0.984292 0.968254 0.984292
6.055e-06 0.985063 0.968254 0.985063
6.06e-06 0.985816 0.968254 0.985816
6.065e-06 0.986549 0.968254 0.986549
6.07e-06 0.987263 0.968254 0.987263
6.075e-06 0.987958 0.968254 0.987958
6.08e-06 0.988634 0.968254 0.988634
6.085e-06 0.98929 0.984127 0.98929
6.09e-06 0.989927 0.984127 0.989927
6.095e-06 0.990545 0.984127 0.990545
6.1e-06 0.991144 0.984127 0.991144
6.105e-06 0.991723 0.984127 0.991723
6.11e-06 0.992282 0.984127 0.992282
6.115e-06 0.992822 0.984127 0.992822
6.12e-06 0.993343 0.984127 0.993343
6.125e-06 0.993844 0.984127 0.993844
6.13e-06 0.994326 0.984127 0.994326
6.135e-06 0.994788 0.984127 0.994788
6.14e-06 0.995231 0.984127 0.995231
6.145e-06 0.995654 0.984127 0.995654
6.15e-06 0.996057 0.984127 0.996057
6.155e-06 0.996441 0.984127 0.996441
6.16e-06 0.996806 0.984127 0.996806
6.165e-06 0.99715 0.984127 0.99715
6.17e-06 0.997475 0.984127 0.997475
6.175e-06 0.997781 0.984127 0.997781
6.18e-06 0.998067 0.984127 0.998067
6.185e-06 0.998333 1.0 0.998333
6.19e-06 0.998579 1.0 0.998579
6.195e-06 0.998806 1.0 0.998806
6.2e-06 0.999013 1.0 0.999013
6.205e-06 0.999201 1.0 0.999201
6.21e-06 0.999368 1.0 0.999368
6.215e-06 0.999516 1.0 0.999516
6.22e-06 0.999645 1.0 0.999645
6.225e-06 0.999753 1.0 0.999753
6.23e-06 0.999842 1.0 0.999842
6.235e-06 0.999911 1.0 0.999911
6.24e-06 0.999961 1.0 0.999961
6.245e-06 0.99999 1.0 0.99999
6.25e-06 1.0 1.0 1.0
6.255e-06 0.99999 1.0 0.99999
6.26e-06 0.999961 1.0 0.999961
6.265e-06 0.999911 1.0 0.999911
6.27e-06 0.999842 1.0 0.999842
6.275e-06 0.999753 1.0 0.999753
6.28e-06 0.999645 1.0 0.999645
6.285e-06 0.999516 1.0 0.999516
6.29e-06 0.999368 1.0 0.999368
6.295e-06 0.999201 1.0 0.999201
6.3e-06 0.999013 1.0 0.999013
6.305e-06 0.998806 1.0 0.998806
6.31e-06 0.998579 1.0 0.998579
6.315e-06 0.998333 1.0 0.998333
6.32e-06 0.998067 1.0 0.998067
6.325e-06 0.997781 1.0 0.997781
6.33e-06 0.997475 1.0 0.997475
6.335e-06 0.99715 1.0 0.99715
6.34e-06 0.996806 1.0 0.996806
6.345e-06 0.996441 1.0 0.996441
6.35e-06 0.996057 1.0 0.996057
6.355e-06 0.995654 1.0 0.995654
6.36e-06 0.995231 1.0 0.995231
6.365e-06 0.994788 1.0 0.994788
6.37e-06 0.994326 1.0 0.994326
6.375e-06 0.993844 1.0 0.993844
6.38e-06 0.993343 1.0 0.993343
6.385e-06 0.992822 1.0 0.992822
6.39e-06 0.992282 1.0 0.992282
6.395e-06 0.991723 1.0 0.991723
6.4e-06 0.991144 1.0 0.991144
6.405e-06 0.990545 1.0 0.990545
6.41e-06 0.989928 1.0 0.989928
6.415e-06 0.98929 1.0 0.98929
6.42e-06 0.988634 1.0 0.988634
6.425e-06 0.987958 1.0 0.987958
6.43e-06 0.987263 1.0 0.987263
6.435e-06 0.986549 1.0 0.986549
6.44e-06 0.985816 1.0 0.985816
6.445e-06 0.985063 1.0 0.985063
6.45e-06 0.984292 1.0 0.984292
6.455e-06 0.983501 1.0 0.983501
6.46e-06 0.982691 1.0 0.982691
6.465e-06 0.981862 1.0 0.981862
6.47e-06 0.981014 1.0 0.981014
6.475e-06 0.980147 1.0 0.980147
6.48e-06 0.979261 1.0 0.979261
6.485e-06 0.978356 1.0 0.978356
6.49e-06 0.977432 1.0 0.977432
6.495e-06 0.97649 1.0 0.97649
6.5e-06 0.975528 1.0 0.975528
6.505e-06 0.974548 1.0 0.974548
6.51e-06 0.973549 1.0 0.973549
6.515e-06 0.972532 1.0 0.972532
6.52e-06 0.971495 1.0 0.971495
6.525e-06 0.97044 1.0 0.97044
6.53e-06 0.969367 1.0 0.969367
6.535e-06 0.968275 1.0 0.968275
6.54e-06 0.967164 1.0 0.967164
6.545e-06 0.966036 1.0 0.966036
6.55e-06 0.964888 1.0 0.964888
6.555e-06 0.963723 1.0 0.963723
6.56e-06 0.962539 1.0 0.962539
6.565e-06 0.961336 1.0 0.961336
6.57e-06 0.960116 1.0 0.960116
6.575e-06 0.958877 1.0 0.958877
6.58e-06 0.95762 1.0 0.95762
6.585e-06 0.956346 0.984127 0.956346
6.59e-06 0.955053 0.984127 0.955053
6.595e-06 0.953742 0.984127 0.953742
6.6e-06 0.952414 0.984127 0.952414
6.605e-06 0.951067 0.984127 0.951067
6.61e-06 0.949703 0.984127 0.949703
6.615e-06 0.948321 0.984127 0.948321
6.62e-06 0.946921 0.984127 0.946921
6.625e-06 0.945503 0.984127 0.945503
6.63e-06 0.944068 0.984127 0.944068
6.635e-06 0.942616 0.984127 0.942616
6.64e-06 0.941146 0.984127 0.941146
6.645e-06 0.939658 0.984127 0.939658
6.65e-06 0.938153 0.984127 0.938153
6.655e-06 0.936631 0.984127 0.936631
6.66e-06 0.935092 0.984127 0.935092
6.665e-06 0.933535 0.984127 0.933535
6.67e-06 0.931962 0.984127 0.931962
6.675e-06 0.930371 0.984127 0.930371
6.68e-06 0.928763 0.984127 0.928763
6.685e-06 0.927139 0.968254 0.927139
6.69e-06 0.925497 0.968254 0.925497
6.695e-06 0.923839 0.968254 0.923839
6.7e-06 0.922164 0.968254 0.922164
6.705e-06 0.920472 0.968254 0.920472
6.71e-06 0.918764 0.968254 0.918764
6.715e-06 0.917039 0.968254 0.917039
6.72e-06 0.915298 0.968254 0.915298
6.725e-06 0.91354 0.968254 0.91354
6.73e-06 0.911766 0.968254 0.911766
6.735e-06 0.909976 0.968254 0.909976
6.74e-06 0.90817 0.968254 0.90817
6.745e-06 0.906347 0.968254 0.906347
6.75e-06 0.904508 0.968254 0.904508
6.755e-06 0.902654 0.968254 0.902654
6.76e-06 0.900783 0.968254 0.900783
6.765e-06 0.898897 0.968254 0.898897
6.77e-06 0.896995 0.968254 0.896995
6.775e-06 0.895077 0.968254 0.895077
6.78e-06 0.893144 0.968254 0.893144
6.785e-06 0.891195 0.936508 0.891195
6.79e-06 0.889231 0.936508 0.889231
6.795e-06 0.887252 0.936508 0.887252
6.8e-06 0.885257 0.936508 0.885257
6.805e-06 0.883247 0.936508 0.883247
6.81e-06 0.881221 0.936508 0.881221
6.815e-06 0.879181 0.936508 0.879181
6.82e-06 0.877126 0.936508 0.877126
6.825e-06 0.875055 0.936508 0.875055
6.83e-06 0.872971 0.936508 0.872971
6.835e-06 0.870871 0.936508 0.870871
6.84e-06 0.868757 0.936508 0.868757
6.845e-06 0.866628 0.936508 0.866628
6.85e-06 0.864484 0.936508 0.864484
6.855e-06 0.862327 0.936508 0.862327
6.86e-06 0.860155 0.936508 0.860155
6.865e-06 0.857968 0.936508 0.857968
6.87e-06 0.855768 0.936508 0.855768
6.875e-06 0.853553 0.936508 0.853553
6.88e-06 0.851325 0.936508 0.851325
6.885e-06 0.849083 0.888889 0.849083
6.89e-06 0.846827 0.888889 0.846827
6.895e-06 0.844557 0.888889 0.844557
6.9e-06 0.842274 0.888889 0.842274
6.905e-06 0.839977 0.888889 0.839977
6.91e-06 0.837666 0.888889 0.837666
6.915e-06 0.835343 0.888889 0.835343
6.92e-06 0.833006 0.888889 0.833006
6.925e-06 0.830656 0.888889 0.830656
6.93e-06 0.828293 0.888889 0.828293
6.935e-06 0.825917 0.888889 0.825917
6.94e-06 0.823528 0.888889 0.823528
6.945e-06 0.821126 0.888889 0.821126
6.95e-06 0.818712 0.888889 0.818712
6.955e-06 0.816285 0.888889 0.816285
6.96e-06 0.813846 0.888889 0.813846
6.965e-06 0.811394 0.888889 0.811394
6.97e-06 0.80893 0.888889 0.80893
6.975e-06 0.806453 0.888889 0.806453
6.98e-06 0.803965 0.888889 0.803965
6.985e-06 0.801465 0.857143 0.801465
6.99e-06 0.798952 0.857143 0.798952
6.995e-06 0.796428 0.857143 0.796428
7e-06 0.793893 0.857143 0.793893
7.005e-06 0.791345 0.857143 0.791345
7.01e-06 0.788786 0.857143 0.788786
7.015e-06 0.786216 0.857143 0.786216
7.02e-06 0.783634 0.857143 0.783634
7.025e-06 0.781042 0.857143 0.781042
7.03e-06 0.778438 0.857143 0.778438
7.035e-06 0.775823 0.857143 0.775823
7.04e-06 0.773197 0.857143 0.773197
7.045e-06 0.770561 0.857143 0.770561
7.05e-06 0.767913 0.857143 0.767913
7.055e-06 0.765256 0.857143 0.765256
7.06e-06 0.762587 0.857143 0.762587
7.065e-06 0.759909 0.857143 0.759909
7.07e-06 0.75722 0.857143 0.75722
7.075e-06 0.754521 0.857143 0.754521
7.08e-06 0.751812 0.857143 0.751812
7.085e-06 0.749093 0.809524 0.749093
7.09e-06 0.746364 0.809524 0.746364
7.095e-06 0.743625 0.809524 0.743625
7.1e-06 0.740877 0.809524 0.740877
7.105e-06 0.738119 0.809524 0.738119
7.11e-06 0.735352 0.809524 0.735352
7.115e-06 0.732576 0.809524 0.732576
7.12e-06 0.72979 0.809524 0.72979
7.125e-06 0.726995 0.809524 0.726995
7.13e-06 0.724192 0.809524 0.724192
7.135e-06 0.721379 0.809524 0.721379
7.14e-06 0.718558 0.809524 0.718558
7.145e-06 0.715728 0.809524 0.715728
7.15e-06 0.71289 0.809524 0.71289
7.155e-06 0.710043 0.809524 0.710043
7.16e-06 0.707188 0.809524 0.707188
7.165e-06 0.704325 0.809524 0.704325
7.17e-06 0.701453 0.809524 0.701453
7.175e-06 0.698574 0.809524 0.698574
7.18e-06 0.695687 0.809524 0.695687
7.185e-06 0.692792 0.746032 0.692792
7.19e-06 0.68989 0.746032 0.68989
7.195e-06 0.68698 0.746032 0.68698
7.2e-06 0.684062 0.746032 0.684062
7.205e-06 0.681138 0.746032 0.681138
7.21e-06 0.678206 0.746032 0.678206
7.215e-06 0.675267 0.746032 0.675267
7.22e-06 0.672321 0.746032 0.672321
7.225e-06 0.669369 0.746032 0.669369
7.23e-06 0.66641 0.746032 0.66641
7.235e-06 0.663444 0.746032 0.663444
7.24e-06 0.660472 0.746032 0.660472
7.245e-06 0.657493 0.746032 0.657493
7.25e-06 0.654508 0.746032 0.654508
7.255e-06 0.651518 0.746032 0.651518
7.26e-06 0.648521 0.746032 0.648521
7.265e-06 0.645518 0.746032 0.645518
7.27e-06 0.64251 0.746032 0.64251
7.275e-06 0.639496 0.746032 0.639496
7.28e-06 0.636476 0.746032 0.636476
7.285e-06 0.633451 0.698413 0.633451
7.29e-06 0.630421 0.698413 0.630421
7.295e-06 0.627385 0.698413 0.627385
7.3e-06 0.624345 0.698413 0.624345
7.305e-06 0.6213 0.698413 0.6213
7.31e-06 0.618249 0.698413 0.618249
7.315e-06 0.615195 0.698413 0.615195
7.32e-06 0.612135 0.698413 0.612135
7.325e-06 0.609072 0.698413 0.609072
7.33e-06 0.606004 0.698413 0.606004
7.335e-06 0.602931 0.698413 0.602931
7.34e-06 0.599855 0.698413 0.599855
7.345e-06 0.596775 0.698413 0.596775
7.35e-06 0.593691 0.698413 0.593691
7.355e-06 0.590603 0.698413 0.590603
7.36e-06 0.587512 0.698413 0.587512
7.365e-06 0.584417 0.698413 0.584417
7.37e-06 0.581319 0.698413 0.581319
7.375e-06 0.578217 0.698413 0.578217
7.38e-06 0.575113 0.698413 0.575113
7.385e-06 0.572005 0.634921 0.572005
7.39e-06 0.568895 0.634921 0.568895
7.395e-06 0.565782 0.634921 0.565782
7.4e-06 0.562667 0.634921 0.562667
7.405e-06 0.559549 0.634921 0.559549
7.41e-06 0.556428 0.634921 0.556428
7.415e-06 0.553306 0.634921 0.553306
7.42e-06 0.550181 0.634921 0.550181
7.425e-06 0.547054 0.634921 0.547054
7.43e-06 0.543926 0.634921 0.543926
7.435e-06 0.540795 0.634921 0.540795
7.44e-06 0.537663 0.634921 0.537663
7.445e-06 0.53453 0.634921 0.53453
7.45e-06 0.531395 0.634921 0.531395
7.455e-06 0.528259 0.634921 0.528259
7.46e-06 0.525122 0.634921 0.525122
7.465e-06 0.521984 0.634921 0.521984
7.47e-06 0.518845 0.634921 0.518845
7.475e-06 0.515705 0.634921 0.515705
7.48e-06 0.512565 0.634921 0.512565
7.485e-06 0.509424 0.571429 0.509424
7.49e-06 0.506283 0.571429 0.506283
7.495e-06 0.503142 0.571429 0.503142
7.5e-06 0.5 0.571429 0.5
7.505e-06 0.496858 0.571429 0.496858
7.51e-06 0.493717 0.571429 0.493717
7.515e-06 0.490576 0.571429 0.490576
7.52e-06 0.487435 0.571429 0.487435
7.525e-06 0.484295 0.571429 0.484295
7.53e-06 0.481155 0.571429 0.481155
7.535e-06 0.478016 0.571429 0.478016
7.54e-06 0.474878 0.571429 0.474878
7.545e-06 0.471741 0.571429 0.471741
7.55e-06 0.468605 0.571429 0.468605
7.555e-06 0.46547 0.571429 0.46547
7.56e-06 0.462337 0.571429 0.462337
7.565e-06 0.459205 0.571429 0.459205
7.57e-06 0.456074 0.571429 0.456074
7.575e-06 0.452946 0.571429 0.452946
7.58e-06 0.449819 0.571429 0.449819
7.585e-06 0.446694 0.507937 0.446694
7.59e-06 0.443572 0.507937 0.443572
7.595e-06 0.440451 0.507937 0.440451
7.6e-06 0.437333 0.507937 0.437333
7.605e-06 0.434218 0.507937 0.434218
7.61e-06 0.431105 0.507937 0.431105
7.615e-06 0.427995 0.507937 0.427995
7.62e-06 0.424887 0.507937 0.424887
7.625e-06 0.421783 0.507937 0.421783
7.63e-06 0.418681 0.507937 0.418681
7.635e-06 0.415583 0.507937 0.415583
7.64e-06 0.412488 0.507937 0.412488
7.645e-06 0.409397 0.507937 0.409397
7.65e-06 0.406309 0.507937 0.406309
7.655e-06 0.403225 0.507937 0.403225
7.66e-06 0.400145 0.507937 0.400145
7.665e-06 0.397069 0.507937 0.397069
7.67e-06 0.393996 0.507937 0.393996
7.675e-06 0.390928 0.507937 0.390928
7.68e-06 0.387865 0.507937 0.387865
7.685e-06 0.384805 0.444444 0.384805
7.69e-06 0.381751 0.444444 0.381751
7.695e-06 0.3787 0.444444 0.3787
7.7e-06 0.375655 0.444444 0.375655
7.705e-06 0.372615 0.444444 0.372615
7.71e-06 0.369579 0.444444 0.369579
7.715e-06 0.366549 0.444444 0.366549
7.72e-06 0.363524 0.444444 0.363524
7.725e-06 0.360504 0.444444 0.360504
7.73e-06 0.35749 0.444444 0.35749
7.735e-06 0.354482 0.444444 0.354482
7.74e-06 0.351479 0.444444 0.351479
7.745e-06 0.348482 0.444444 0.348482
7.75e-06 0.345492 0.444444 0.345492
7.755e-06 0.342507 0.444444 0.342507
7.76e-06 0.339528 0.444444 0.339528
7.765e-06 0.336556 0.444444 0.336556
7.77e-06 0.33359 0.444444 0.33359
7.775e-06 0.330631 0.444444 0.330631
7.78e-06 0.327679 0.444444 0.327679
7.785e-06 0.324733 0.380952 0.324733
7.79e-06 0.321794 0.380952 0.321794
7.795e-06 0.318862 0.380952 0.318862
7.8e-06 0.315938 0.380952 0.315938
7.805e-06 0.31302 0.380952 0.31302
7.81e-06 0.31011 0.380952 0.31011
7.815e-06 0.307208 0.380952 0.307208
7.82e-06 0.304313 0.380952 0.304313
7.825e-06 0.301426 0.380952 0.301426
7.83e-06 0.298547 0.380952 0.298547
7.835e-06 0.295676 0.380952 0.295676
7.84e-06 0.292812 0.380952 0.292812
7.845e-06 0.289957 0.380952 0.289957
7.85e-06 0.28711 0.380952 0.28711
7.855e-06 0.284272 0.380952 0.284272
7.86e-06 0.281442 0.380952 0.281442
7.865e-06 0.278621 0.380952 0.278621
7.87e-06 0.275808 0.380952 0.275808
7.875e-06 0.273005 0.380952 0.273005
7.88e-06 0.27021 0.380952 0.27021
7.885e-06 0.267424 0.31746 0.267424
7.89e-06 0.264648 0.31746 0.264648
7.895e-06 0.261881 0.31746 0.261881
7.9e-06 0.259123 0.31746 0.259123
7.905e-06 0.256375 0.31746 0.256375
7.91e-06 0.253636 0.31746 0.253636
7.915e-06 0.250907 0.31746 0.250907
7.92e-06 0.248188 0.31746 0.248188
7.925e-06 0.245479 0.31746 0.245479
7.93e-06 0.24278 0.31746 0.24278
7.935e-06 0.240091 0.31746 0.240091
7.94e-06 0.237413 0.31746 0.237413
7.945e-06 0.234744 0.31746 0.234744
7.95e-06 0.232087 0.31746 0.232087
7.955e-06 0.229439 0.31746 0.229439
7.96e-06 0.226803 0.31746 0.226803
7.965e-06 0.224177 0.31746 0.224177
7.97e-06 0.221562 0.31746 0.221562
7.975e-06 0.218958 0.31746 0.218958
7.98e-06 0.216366 0.31746 0.216366
7.985e-06 0.213784 0.253968 0.213784
7.99e-06 0.211214 0.253968 0.211214
7.995e-06 0.208655 0.253968 0.208655
8e-06 0.206107 0.253968 0.206107
8.005e-06 0.203572 0.253968 0.203572
8.01e-06 0.201048 0.253968 0.201048
8.015e-06 0.198535 0.253968 0.198535
8.02e-06 0.196035 0.253968 0.196035
8.025e-06 0.193546 0.253968 0.193546
8.03e-06 0.19107 0.253968 0.19107
8.035e-06 0.188606 0.253968 0.188606
8.04e-06 0.186154 0.253968 0.186154
8.045e-06 0.183715 0.253968 0.183715
8.05e-06 0.181288 0.253968 0.181288
8.055e-06 0.178874 0.253968 0.178874
8.06e-06 0.176472 0.253968 0.176472
8.065e-06 0.174083 0.253968 0.174083
8.07e-06 0.171707 0.253968 0.171707
8.075e-06 0.169344 0.253968 0.169344
8.08e-06 0.166994 0.253968 0.166994
8.085e-06 0.164657 0.206349 0.164657
8.09e-06 0.162334 0.206349 0.162334
8.095e-06 0.160023 0.206349 0.160023
8.1e-06 0.157726 0.206349 0.157726
8.105e-06 0.155443 0.206349 0.155443
8.11e-06 0.153173 0.206349 0.153173
8.115e-06 0.150917 0.206349 0.150917
8.12e-06 0.148675 0.206349 0.148675
8.125e-06 0.146447 0.206349 0.146447
8.13e-06 0.144232 0.206349 0.144232
8.135e-06 0.142032 0.206349 0.142032
8.14e-06 0.139846 0.206349 0.139846
8.145e-06 0.137673 0.206349 0.137673
8.15e-06 0.135516 0.206349 0.135516
8.155e-06 0.133372 0.206349 0.133372
8.16e-06 0.131243 0.206349 0.131243
8.165e-06 0.129129 0.206349 0.129129
8.17e-06 0.127029 0.206349 0.127029
8.175e-06 0.124945 0.206349 0.124945
8.18e-06 0.122874 0.206349 0.122874
8.185e-06 0.120819 0.15873 0.120819
8.19e-06 0.118779 0.15873 0.118779
8.195e-06 0.116754 0.15873 0.116754
8.2e-06 0.114743 0.15873 0.114743
8.205e-06 0.112748 0.15873 0.112748
8.21e-06 0.110769 0.15873 0.110769
8.215e-06 0.108805 0.15873 0.108805
8.22e-06 0.106856 0.15873 0.106856
8.225e-06 0.104923 0.15873 0.104923
8.23e-06 0.103005 0.15873 0.103005
8.235e-06 0.101103 0.15873 0.101103
8.24e-06 0.0992165 0.15873 0.0992165
8.245e-06 0.0973461 0.15873 0.0973461
8.25e-06 0.0954915 0.15873 0.0954915
8.255e-06 0.0936529 0.15873 0.0936529
8.26e-06 0.0918304 0.15873 0.0918304
8.265e-06 0.0900239 0.15873 0.0900239
8.27e-06 0.0882337 0.15873 0.0882337
8.275e-06 0.0864598 0.15873 0.0864598
8.28e-06 0.0847021 0.15873 0.0847021
8.285e-06 0.0829608 0.111111 0.0829608
8.29e-06 0.0812361 0.111111 0.0812361
8.295e-06 0.0795277 0.111111 0.0795277
8.3e-06 0.077836 0.111111 0.077836
8.305e-06 0.076161 0.111111 0.076161
8.31e-06 0.0745028 0.111111 0.0745028
8.315e-06 0.0728613 0.111111 0.0728613
8.32e-06 0.0712367 0.111111 0.0712367
8.325e-06 0.069629 0.111111 0.069629
8.33e-06 0.0680383 0.111111 0.0680383
8.335e-06 0.0664647 0.111111 0.0664647
8.34e-06 0.0649081 0.111111 0.0649081
8.345e-06 0.0633688 0.111111 0.0633688
8.35e-06 0.0618467 0.111111 0.0618467
8.355e-06 0.0603418 0.111111 0.0603418
8.36e-06 0.0588544 0.111111 0.0588544
8.365e-06 0.0573843 0.111111 0.0573843
8.37e-06 0.0559319 0.111111 0.0559319
8.375e-06 0.0544968 0.111111 0.0544968
8.38e-06 0.0530793 0.111111 0.0530793
8.385e-06 0.0516796 0.0793651 0.0516796
8.39e-06 0.0502974 0.0793651 0.0502974
8.395e-06 0.0489331 0.0793651 0.0489331
8.4e-06 0.0475865 0.0793651 0.0475865
8.405e-06 0.0462578 0.0793651 0.0462578
8.41e-06 0.044947 0.0793651 0.044947
8.415e-06 0.0436542 0.0793651 0.0436542
8.42e-06 0.0423795 0.0793651 0.0423795
8.425e-06 0.0411228 0.0793651 0.0411228
8.43e-06 0.0398841 0.0793651 0.0398841
8.435e-06 0.0386637 0.0793651 0.0386637
8.44e-06 0.0374614 0.0793651 0.0374614
8.445e-06 0.0362775 0.0793651 0.0362775
8.45e-06 0.0351118 0.0793651 0.0351118
8.455e-06 0.0339644 0.0793651 0.0339644
8.46e-06 0.0328355 0.0793651 0.0328355
8.465e-06 0.0317251 0.0793651 0.0317251
8.47e-06 0.0306331 0.0793651 0.0306331
8.475e-06 0.0295597 0.0793651 0.0295597
8.48e-06 0.0285048 0.0793651 0.0285048
8.485e-06 0.0274685 0.047619 0.0274685
8.49e-06 0.0264509 0.047619 0.0264509
8.495e-06 0.025452 0.047619 0.025452
8.5e-06 0.0244718 0.047619 0.0244718
8.505e-06 0.0235103 0.047619 0.0235103
8.51e-06 0.0225677 0.047619 0.0225677
8.515e-06 0.021644 0.047619 0.021644
8.52e-06 0.0207392 0.047619 0.0207392
8.525e-06 0.0198533 0.047619 0.0198533
8.53e-06 0.0189862 0.047619 0.0189862
8.535e-06 0.0181383 0.047619 0.0181383
8.54e-06 0.0173092 0.047619 0.0173092
8.545e-06 0.0164993 0.047619 0.0164993
8.55e-06 0.0157084 0.047619 0.0157084
8.555e-06 0.0149367 0.047619 0.0149367
8.56e-06 0.0141841 0.047619 0.0141841
8.565e-06 0.0134507 0.047619 0.0134507
8.57e-06 0.0127366 0.047619 0.0127366
8.575e-06 0.0120417 0.047619 0.0120417
8.58e-06 0.011366 0.047619 0.011366
8.585e-06 0.0107096 0.015873 0.0107096
8.59e-06 0.0100726 0.015873 0.0100726
8.595e-06 0.00945478 0.015873 0.00945478
8.6e-06 0.0088564 0.015873 0.0088564
8.605e-06 0.0082774 0.015873 0.0082774
8.61e-06 0.00771783 0.015873 0.00771783
8.615e-06 0.0071777 0.015873 0.0071777
8.62e-06 0.00665712 0.015873 0.00665712
8.625e-06 0.00615592 0.015873 0.00615592
8.63e-06 0.00567422 0.015873 0.00567422
8.635e-06 0.005212 0.015873 0.005212
8.64e-06 0.00476932 0.015873 0.00476932
8.645e-06 0.00434624 0.015873 0.00434624
8.65e-06 0.00394265 0.015873 0.00394265
8.655e-06 0.0035587 0.015873 0.0035587
8.66e-06 0.00319435 0.015873 0.00319435
8.665e-06 0.00284963 0.015873 0.00284963
8.67e-06 0.00252456 0.015873 0.00252456
8.675e-06 0.0022191 0.015873 0.0022191
8.68e-06 0.00193321 0.015873 0.00193321
8.685e-06 0.00166711 1.22933e-24 0.00166711
8.69e-06 0.00142064 -1.44345e-34 0.00142064
8.695e-06 0.00119379 -3.27249e-43 0.00119379
8.7e-06 0.000986645 1.11379e-48 0.000986645
8.705e-06 0.000799228 -1.48473e-53 0.000799228
8.71e-06 0.000631523 3.29399e-53 0.000631523
8.715e-06 0.000483534 7.06612e-68 0.000483534
8.72e-06 0.000355359 -5.77744e-81 0.000355359
8.725e-06 0.000246769 9.81203e-103 0.000246769
8.73e-06 0.00015795 -2.77951e-120 0.00015795
8.735e-06 8.88508e-05 1.19211e-141 8.88508e-05
8.74e-06 3.95173e-05 2.15393e-156 3.95173e-05
8.745e-06 9.9117e-06 2.16337e-180 9.9117e-06
8.75e-06 3.32638e-10 -1.74147e-194 3.32638e-10
8.755e-06 9.86985e-06 -2.63033e-218 9.86985e-06
8.76e-06 3.94787e-05 -8.98748e-218 3.94787e-05
8.765e-06 8.8825e-05 -6.02968e-232 8.8825e-05
8.77e-06 0.000158004 8.56469e-256 0.000158004
8.775e-06 0.000246817 2.4949e-279 0.000246817
8.78e-06 0.000355362 9.07523e-301 0.000355362
8.785e-06 0.000483575 -2.12406e-312 0.000483575
8.79e-06 0.000631599 0.0 0.000631599
8.795e-06 0.000799274 0.0 0.000799274
8.8e-06 0.000986644 0.0 0.000986644
8.805e-06 0.00119375 0.0 0.00119375
8.81e-06 0.00142055 0.0 0.00142055
8.815e-06 0.00166704 0.0 0.00166704
8.82e-06 0.00193329 0.0 0.00193329
8.825e-06 0.00221907 0.0 0.00221907
8.83e-06 0.00252459 0.0 0.00252459
8.835e-06 0.00284962 0.0 0.00284962
8.84e-06 0.00319439 0.0 0.00319439
8.845e-06 0.00355873 0.0 0.00355873
8.85e-06 0.00394265 0.0 0.00394265
8.855e-06 0.00434618 0.0 0.00434618
8.86e-06 0.00476929 0.0 0.00476929
8.865e-06 0.00521194 0.0 0.00521194
8.87e-06 0.00567422 0.0 0.00567422
8.875e-06 0.00615585 0.0 0.00615585
8.88e-06 0.00665713 0.0 0.00665713
8.885e-06 0.00717775 0.0 0.00717775
8.89e-06 0.00771793 0.0 0.00771793
8.895e-06 0.00827745 0.0 0.00827745
8.9e-06 0.0088564 0.0 0.0088564
8.905e-06 0.00945474 0.0 0.00945474
8.91e-06 0.0100725 0.0 0.0100725
8.915e-06 0.0107095 0.0 0.0107095
8.92e-06 0.011366 0.0 0.011366
8.925e-06 0.0120417 0.0 0.0120417
8.93e-06 0.0127367 0.0 0.0127367
8.935e-06 0.0134508 0.0 0.0134508
8.94e-06 0.0141842 0.0 0.0141842
8.945e-06 0.0149367 0.0 0.0149367
8.95e-06 0.0157084 0.0 0.0157084
8.955e-06 0.0164993 0.0 0.0164993
8.96e-06 0.0173092 0.0 0.0173092
8.965e-06 0.0181382 0.0 0.0181382
8.97e-06 0.0189862 0.0 0.0189862
8.975e-06 0.0198532 0.0 0.0198532
8.98e-06 0.0207392 0.0 0.0207392
8.985e-06 0.0216441 0.0 0.0216441
8.99e-06 0.0225678 0.0 0.0225678
8.995e-06 0.0235104 0.0 0.0235104
9e-06 0.0244718 0.0 0.0244718
9.005e-06 0.0254519 0.0 0.0254519
9.01e-06 0.0264508 0.0 0.0264508
9.015e-06 0.0274685 0.0 0.0274685
9.02e-06 0.0285048 0.0 0.0285048
9.025e-06 0.0295597 0.0 0.0295597
9.03e-06 0.0306332 0.0 0.0306332
9.035e-06 0.0317251 0.0 0.0317251
9.04e-06 0.0328356 0.0 0.0328356
9.045e-06 0.0339645 0.0 0.0339645
9.05e-06 0.0351118 0.0 0.0351118
9.055e-06 0.0362774 0.0 0.0362774
9.06e-06 0.0374614 0.0 0.0374614
9.065e-06 0.0386636 0.0 0.0386636
9.07e-06 0.0398841 0.0 0.0398841
9.075e-06 0.0411228 0.0 0.0411228
9.08e-06 0.0423795 0.0 0.0423795
9.085e-06 0.0436543 0.015873 0.0436543
9.09e-06 0.0449471 0.015873 0.0449471
9.095e-06 0.0462579 0.015873 0.0462579
9.1e-06 0.0475865 0.015873 0.0475865
9.105e-06 0.048933 0.015873 0.048933
9.11e-06 0.0502974 0.015873 0.0502974
9.115e-06 0.0516795 0.015873 0.0516795
9.12e-06 0.0530793 0.015873 0.0530793
9.125e-06 0.0544968 0.015873 0.0544968
9.13e-06 0.0559318 0.015873 0.0559318
9.135e-06 0.0573844 0.015873 0.0573844
9.14e-06 0.0588544 0.015873 0.0588544
9.145e-06 0.0603419 0.015873 0.0603419
9.15e-06 0.0618467 0.015873 0.0618467
9.155e-06 0.0633688 0.015873 0.0633688
9.16e-06 0.0649081 0.015873 0.0649081
9.165e-06 0.0664647 0.015873 0.0664647
9.17e-06 0.0680383 0.015873 0.0680383
9.175e-06 0.069629 0.015873 0.069629
9.18e-06 0.0712367 0.015873 0.0712367
9.185e-06 0.0728613 0.047619 0.0728613
9.19e-06 0.0745028 0.047619 0.0745028
9.195e-06 0.0761611 0.047619 0.0761611
9.2e-06 0.0778361 0.047619 0.0778361
9.205e-06 0.0795277 0.047619 0.0795277
9.21e-06 0.081236 0.047619 0.081236
9.215e-06 0.0829608 0.047619 0.0829608
9.22e-06 0.0847021 0.047619 0.0847021
9.225e-06 0.0864598 0.047619 0.0864598
9.23e-06 0.0882337 0.047619 0.0882337
9.235e-06 0.090024 0.047619 0.090024
9.24e-06 0.0918304 0.047619 0.0918304
9.245e-06 0.093653 0.047619 0.093653
9.25e-06 0.0954915 0.047619 0.0954915
9.255e-06 0.0973461 0.047619 0.0973461
9.26e-06 0.0992165 0.047619 0.0992165
9.265e-06 0.101103 0.047619 0.101103
9.27e-06 0.103005 0.047619 0.103005
9.275e-06 0.104923 0.047619 0.104923
9.28e-06 0.106856 0.047619 0.106856
9.285e-06 0.108805 0.0793651 0.108805
9.29e-06 0.110769 0.0793651 0.110769
9.295e-06 0.112749 0.0793651 0.112749
9.3e-06 0.114743 0.0793651 0.114743
9.305e-06 0.116753 0.0793651 0.116753
9.31e-06 0.118779 0.0793651 0.118779
9.315e-06 0.120819 0.0793651 0.120819
9.32e-06 0.122874 0.0793651 0.122874
9.325e-06 0.124945 0.0793651 0.124945
9.33e-06 0.12703 0.0793651 0.12703
9.335e-06 0.129129 0.0793651 0.129129
9.34e-06 0.131243 0.0793651 0.131243
9.345e-06 0.133372 0.0793651 0.133372
9.35e-06 0.135516 0.0793651 0.135516
9.355e-06 0.137673 0.0793651 0.137673
9.36e-06 0.139845 0.0793651 0.139845
9.365e-06 0.142032 0.0793651 0.142032
9.37e-06 0.144232 0.0793651 0.144232
9.375e-06 0.146447 0.0793651 0.146447
9.38e-06 0.148675 0.0793651 0.148675
9.385e-06 0.150917 0.111111 0.150917
9.39e-06 0.153173 0.111111 0.153173
9.395e-06 0.155443 0.111111 0.155443
9.4e-06 0.157726 0.111111 0.157726
9.405e-06 0.160023 0.111111 0.160023
9.41e-06 0.162334 0.111111 0.162334
9.415e-06 0.164657 0.111111 0.164657
9.42e-06 0.166994 0.111111 0.166994
9.425e-06 0.169344 0.111111 0.169344
9.43e-06 0.171707 0.111111 0.171707
9.435e-06 0.174083 0.111111 0.174083
9.44e-06 0.176472 0.111111 0.176472
9.445e-06 0.178874 0.111111 0.178874
9.45e-06 0.181288 0.111111 0.181288
9.455e-06 0.183715 0.111111 0.183715
9.46e-06 0.186154 0.111111 0.186154
9.465e-06 0.188606 0.111111 0.188606
9.47e-06 0.19107 0.111111 0.19107
9.475e-06 0.193547 0.111111 0.193547
9.48e-06 0.196035 0.111111 0.196035
9.485e-06 0.198535 0.15873 0.198535
9.49e-06 0.201048 0.15873 0.201048
9.495e-06 0.203572 0.15873 0.203572
9.5e-06 0.206107 0.15873 0.206107
9.505e-06 0.208655 0.15873 0.208655
9.51e-06 0.211214 0.15873 0.211214
9.515e-06 0.213784 0.15873 0.213784
9.52e-06 0.216366 0.15873 0.216366
9.525e-06 0.218958 0.15873 0.218958
9.53e-06 0.221562 0.15873 0.221562
9.535e-06 0.224177 0.15873 0.224177
9.54e-06 0.226803 0.15873 0.226803
9.545e-06 0.229439 0.15873 0.229439
9.55e-06 0.232087 0.15873 0.232087
9.555e-06 0.234744 0.15873 0.234744
9.56e-06 0.237413 0.15873 0.237413
9.565e-06 0.240091 0.15873 0.240091
9.57e-06 0.24278 0.15873 0.24278
9.575e-06 0.245479 0.15873 0.245479
9.58e-06 0.248188 0.15873 0.248188
9.585e-06 0.250907 0.206349 0.250907
9.59e-06 0.253636 0.206349 0.253636
9.595e-06 0.256375 0.206349 0.256375
9.6e-06 0.259123 0.206349 0.259123
9.605e-06 0.261881 0.206349 0.261881
9.61e-06 0.264648 0.206349 0.264648
9.615e-06 0.267424 0.206349 0.267424
9.62e-06 0.27021 0.206349 0.27021
9.625e-06 0.273005 0.206349 0.273005
9.63e-06 0.275808 0.206349 0.275808
9.635e-06 0.278621 0.206349 0.278621
9.64e-06 0.281442 0.206349 0.281442
9.645e-06 0.284272 0.206349 0.284272
9.65e-06 0.28711 0.206349 0.28711
9.655e-06 0.289957 0.206349 0.289957
9.66e-06 0.292812 0.206349 0.292812
9.665e-06 0.295675 0.206349 0.295675
9.67e-06 0.298547 0.206349 0.298547
9.675e-06 0.301426 0.206349 0.301426
9.68e-06 0.304313 0.206349 0.304313
9.685e-06 0.307208 0.253968 0.307208
9.69e-06 0.31011 0.253968 0.31011
9.695e-06 0.31302 0.253968 0.31302
9.7e-06 0.315938 0.253968 0.315938
9.705e-06 0.318862 0.253968 0.318862
9.71e-06 0.321794 0.253968 0.321794
9.715e-06 0.324733 0.253968 0.324733
9.72e-06 0.327679 0.253968 0.327679
9.725e-06 0.330631 0.253968 0.330631
9.73e-06 0.33359 0.253968 0.33359
9.735e-06 0.336556 0.253968 0.336556
9.74e-06 0.339528 0.253968 0.339528
9.745e-06 0.342507 0.253968 0.342507
9.75e-06 0.345492 0.253968 0.345492
9.755e-06 0.348482 0.253968 0.348482
9.76e-06 0.351479 0.253968 0.351479
9.765e-06 0.354482 0.253968 0.354482
9.77e-06 0.35749 0.253968 0.35749
9.775e-06 0.360504 0.253968 0.360504
9.78e-06 0.363524 0.253968 0.363524
9.785e-06 0.366549 0.31746 0.366549
9.79e-06 0.369579 0.31746 0.369579
9.795e-06 0.372615 0.31746 0.372615
9.8e-06 0.375655 0.31746 0.375655
9.805e-06 0.3787 0.31746 0.3787
9.81e-06 0.381751 0.31746 0.381751
9.815e-06 0.384805 0.31746 0.384805
9.82e-06 0.387865 0.31746 0.387865
9.825e-06 0.390928 0.31746 0.390928
9.83e-06 0.393996 0.31746 0.393996
9.835e-06 0.397069 0.31746 0.397069
9.84e-06 0.400145 0.31746 0.400145
9.845e-06 0.403225 0.31746 0.403225
9.85e-06 0.406309 0.31746 0.406309
9.855e-06 0.409397 0.31746 0.409397
9.86e-06 0.412488 0.31746 0.412488
9.865e-06 0.415583 0.31746 0.415583
9.87e-06 0.418681 0.31746 0.418681
9.875e-06 0.421783 0.31746 0.421783
9.88e-06 0.424887 0.31746 0.424887
9.885e-06 0.427995 0.380952 0.427995
9.89e-06 0.431105 0.380952 0.431105
9.895e-06 0.434218 0.380952 0.434218
9.9e-06 0.437333 0.380952 0.437333
9.905e-06 0.440451 0.380952 0.440451
9.91e-06 0.443572 0.380952 0.443572
9.915e-06 0.446694 0.380952 0.446694
9.92e-06 0.449819 0.380952 0.449819
9.925e-06 0.452946 0.380952 0.452946
9.93e-06 0.456074 0.380952 0.456074
9.935e-06 0.459205 0.380952 0.459205
9.94e-06 0.462337 0.380952 0.462337
9.945e-06 0.46547 0.380952 0.46547
9.95e-06 0.468605 0.380952 0.468605
9.955e-06 0.471741 0.380952 0.471741
9.96e-06 0.474878 0.380952 0.474878
9.965e-06 0.478016 0.380952 0.478016
9.97e-06 0.481155 0.380952 0.481155
9.975e-06 0.484295 0.380952 0.484295
9.98e-06 0.487435 0.380952 0.487435
9.985e-06 0.490576 0.444444 0.490576
9.99e-06 0.493717 0.444444 0.493717
9.995e-06 0.496858 0.444444 0.496858
1e-05 0.5 0.444444 0.5
